5
1.000000 0.000000 100.000000 90.000000 100.000000
10
0.000000 10.000000
0.000000 20.000000
0.000000 30.000000
0.000000 40.000000
0.000000 50.000000
0.000000 60.000000
0.000000 70.000000
0.000000 80.000000
0.000000 90.000000
0.000000 100.000000
1.057407 5.231736 74.817304 82.000000 75.060958
7
0.093006 9.999423
0.371992 19.995387
0.836860 29.984431
1.487452 39.963101
2.323540 49.927943
3.344836 59.875509
4.550987 69.802357
0.945710 -5.231736 74.817304 98.000000 75.060958
7
-0.093006 9.999423
-0.371992 19.995387
-0.836860 29.984431
-1.487452 39.963101
-2.323540 49.927943
-3.344836 59.875509
-4.550987 69.802357
1.258574 9.540450 49.081359 68.000000 50.308482
5
0.381433 9.990294
1.523510 19.922420
3.419583 29.738548
6.058610 39.381525
9.425227 48.795204
0.794550 -9.540450 49.081359 112.000000 50.308482
5
-0.381433 9.990294
-1.523510 19.922420
-3.419583 29.738548
-6.058610 39.381525
-9.425227 48.795204
