68
1.014700 9.000000 144.000000 82.847331
15
0.040052 9.624869
0.160204 19.249072
0.360449 28.871942
0.640773 38.492811
1.001155 48.111015
1.441572 57.725886
1.961992 67.336759
2.562380 76.942967
3.242695 86.543847
4.002888 96.138732
4.842907 105.726958
5.762694 115.307860
6.762186 124.880777
7.841313 134.445044
9.000000 143.999998
1.032994 18.000000 135.000000 74.810715
15
0.080468 9.105815
0.321847 18.208787
0.724062 27.306071
1.286987 36.394826
2.010445 45.472213
2.894212 54.535397
3.938012 63.581548
5.141517 72.607839
6.504352 81.611450
8.026093 90.589572
9.706262 99.539397
11.544336 108.458132
13.539740 117.342991
15.691851 126.191198
17.999997 134.999990
1.055285 27.000000 126.000000 65.810485
15
0.121790 8.653684
0.487065 17.300514
1.095535 25.933639
1.946717 34.546221
3.039938 43.131438
4.374332 51.682489
5.948842 60.192601
7.762220 68.655032
9.813030 77.063080
12.099648 85.410083
14.620262 93.689430
17.372876 101.894563
20.355308 110.018982
23.565198 118.056251
27.000001 126.000004
1.081682 36.000000 117.000000 55.794542
15
0.164816 8.281159
0.659004 16.549202
1.481780 24.791034
2.631842 32.993601
4.107368 41.143913
5.906021 49.229060
8.024953 57.236238
10.460807 65.152763
13.209725 72.966098
16.267354 80.663868
19.628851 88.233881
23.288891 95.664147
27.241679 102.942899
31.480954 110.058607
36.000000 117.000003
1.111769 45.000000 108.000000 44.760269
15
0.210674 8.002667
0.842113 15.983166
1.892567 23.919387
3.359127 31.789347
5.237729 39.571244
7.523170 47.243521
10.209119 54.784923
13.288134 62.174560
16.751687 69.391961
20.590183 76.417132
24.792987 83.230611
29.348458 89.813525
34.243976 96.147636
39.465980 102.215399
45.000003 108.000004
1.144374 54.000000 99.000000 32.779079
15
0.260887 7.833954
1.042392 15.633193
2.341052 23.363159
4.151112 30.989598
6.464552 38.478716
9.271120 45.797327
12.558379 52.913000
16.311764 59.794206
20.514643 66.410451
25.148390 72.732419
30.192474 78.732094
35.624544 84.382891
41.420528 89.659771
47.554742 94.539351
54.000006 99.000008
1.177479 63.000000 90.000000 20.015962
15
0.317396 7.791226
1.267479 15.530817
2.843954 23.167483
5.036373 30.650613
7.830206 37.930615
11.206938 44.959244
15.144190 51.689918
19.615870 58.078033
24.592343 64.081253
30.040629 69.659793
35.924621 74.776684
42.205325 79.398015
48.841117 83.493159
55.788020 87.034977
62.999996 89.999997
1.208429 72.000000 81.000000 6.732925
15
0.382507 7.889878
1.526441 15.705754
3.421072 23.374317
6.048630 30.823642
9.384469 37.983857
13.397301 44.787803
18.049488 51.171662
23.297394 57.075557
29.091797 62.444113
35.378349 67.226974
42.098084 71.379282
49.187975 74.862088
56.581523 77.642726
64.209380 79.695116
72.000000 81.000006
0.985300 -9.000000 144.000000 97.152669
15
-0.040052 9.624869
-0.160204 19.249072
-0.360449 28.871942
-0.640773 38.492811
-1.001155 48.111015
-1.441572 57.725886
-1.961992 67.336759
-2.562380 76.942967
-3.242695 86.543847
-4.002888 96.138732
-4.842907 105.726958
-5.762694 115.307860
-6.762186 124.880777
-7.841313 134.445044
-9.000000 143.999998
0.967006 -18.000000 135.000000 105.189285
15
-0.080468 9.105815
-0.321847 18.208787
-0.724062 27.306071
-1.286987 36.394826
-2.010445 45.472213
-2.894212 54.535397
-3.938012 63.581548
-5.141517 72.607839
-6.504352 81.611450
-8.026093 90.589572
-9.706262 99.539397
-11.544336 108.458132
-13.539740 117.342991
-15.691851 126.191198
-17.999997 134.999990
0.944715 -27.000000 126.000000 114.189515
15
-0.121790 8.653684
-0.487065 17.300514
-1.095535 25.933639
-1.946717 34.546221
-3.039938 43.131438
-4.374332 51.682489
-5.948842 60.192601
-7.762220 68.655032
-9.813030 77.063080
-12.099648 85.410083
-14.620262 93.689430
-17.372876 101.894563
-20.355308 110.018982
-23.565198 118.056251
-27.000001 126.000004
0.918318 -36.000000 117.000000 124.205458
15
-0.164816 8.281159
-0.659004 16.549202
-1.481780 24.791034
-2.631842 32.993601
-4.107368 41.143913
-5.906021 49.229060
-8.024953 57.236238
-10.460807 65.152763
-13.209725 72.966098
-16.267354 80.663868
-19.628851 88.233881
-23.288891 95.664147
-27.241679 102.942899
-31.480954 110.058607
-36.000000 117.000003
0.888231 -45.000000 108.000000 135.239731
15
-0.210674 8.002667
-0.842113 15.983166
-1.892567 23.919387
-3.359127 31.789347
-5.237729 39.571244
-7.523170 47.243521
-10.209119 54.784923
-13.288134 62.174560
-16.751687 69.391961
-20.590183 76.417132
-24.792987 83.230611
-29.348458 89.813525
-34.243976 96.147636
-39.465980 102.215399
-45.000003 108.000004
0.855626 -54.000000 99.000000 147.220921
15
-0.260887 7.833954
-1.042392 15.633193
-2.341052 23.363159
-4.151112 30.989598
-6.464552 38.478716
-9.271120 45.797327
-12.558379 52.913000
-16.311764 59.794206
-20.514643 66.410451
-25.148390 72.732419
-30.192474 78.732094
-35.624544 84.382891
-41.420528 89.659771
-47.554742 94.539351
-54.000006 99.000008
0.822521 -63.000000 90.000000 159.984038
15
-0.317396 7.791226
-1.267479 15.530817
-2.843954 23.167483
-5.036373 30.650613
-7.830206 37.930615
-11.206938 44.959244
-15.144190 51.689918
-19.615870 58.078033
-24.592343 64.081253
-30.040629 69.659793
-35.924621 74.776684
-42.205325 79.398015
-48.841117 83.493159
-55.788020 87.034977
-62.999996 89.999997
0.791571 -72.000000 81.000000 173.267075
15
-0.382507 7.889878
-1.526441 15.705754
-3.421072 23.374317
-6.048630 30.823642
-9.384469 37.983857
-13.397301 44.787803
-18.049488 51.171662
-23.297394 57.075557
-29.091797 62.444113
-35.378349 67.226974
-42.098084 71.379282
-49.187975 74.862088
-56.581523 77.642726
-64.209380 79.695116
-72.000000 81.000006
1.000000 0.000000 153.000000 90.000000
15
0.000000 10.200000
0.000000 20.400000
0.000000 30.600000
0.000000 40.800000
0.000000 51.000000
0.000000 61.200000
0.000000 71.400000
0.000000 81.600000
0.000000 91.800000
0.000000 102.000000
0.000000 112.200000
0.000000 122.400000
0.000000 132.600000
0.000000 142.800000
0.000000 153.000000
1.014700 -9.000000 -144.000000 262.847331
15
-0.040052 -9.624869
-0.160204 -19.249072
-0.360449 -28.871942
-0.640773 -38.492811
-1.001155 -48.111015
-1.441572 -57.725886
-1.961992 -67.336759
-2.562380 -76.942967
-3.242695 -86.543847
-4.002888 -96.138732
-4.842907 -105.726958
-5.762694 -115.307860
-6.762186 -124.880777
-7.841313 -134.445044
-9.000000 -143.999998
1.032994 -18.000000 -135.000000 254.810715
15
-0.080468 -9.105815
-0.321847 -18.208787
-0.724062 -27.306071
-1.286987 -36.394826
-2.010445 -45.472213
-2.894212 -54.535397
-3.938012 -63.581548
-5.141517 -72.607839
-6.504352 -81.611450
-8.026093 -90.589572
-9.706262 -99.539397
-11.544336 -108.458132
-13.539740 -117.342991
-15.691851 -126.191198
-17.999997 -134.999990
1.055285 -27.000000 -126.000000 245.810485
15
-0.121790 -8.653684
-0.487065 -17.300514
-1.095535 -25.933639
-1.946717 -34.546221
-3.039938 -43.131438
-4.374332 -51.682489
-5.948842 -60.192601
-7.762220 -68.655032
-9.813030 -77.063080
-12.099648 -85.410083
-14.620262 -93.689430
-17.372876 -101.894563
-20.355308 -110.018982
-23.565198 -118.056251
-27.000001 -126.000004
1.081682 -36.000000 -117.000000 235.794542
15
-0.164816 -8.281159
-0.659004 -16.549202
-1.481780 -24.791034
-2.631842 -32.993601
-4.107368 -41.143913
-5.906021 -49.229060
-8.024953 -57.236238
-10.460807 -65.152763
-13.209725 -72.966098
-16.267354 -80.663868
-19.628851 -88.233881
-23.288891 -95.664147
-27.241679 -102.942899
-31.480954 -110.058607
-36.000000 -117.000003
1.111769 -45.000000 -108.000000 224.760269
15
-0.210674 -8.002667
-0.842113 -15.983166
-1.892567 -23.919387
-3.359127 -31.789347
-5.237729 -39.571244
-7.523170 -47.243521
-10.209119 -54.784923
-13.288134 -62.174560
-16.751687 -69.391961
-20.590183 -76.417132
-24.792987 -83.230611
-29.348458 -89.813525
-34.243976 -96.147636
-39.465980 -102.215399
-45.000003 -108.000004
1.144374 -54.000000 -99.000000 212.779079
15
-0.260887 -7.833954
-1.042392 -15.633193
-2.341052 -23.363159
-4.151112 -30.989598
-6.464552 -38.478716
-9.271120 -45.797327
-12.558379 -52.913000
-16.311764 -59.794206
-20.514643 -66.410451
-25.148390 -72.732419
-30.192474 -78.732094
-35.624544 -84.382891
-41.420528 -89.659771
-47.554742 -94.539351
-54.000006 -99.000008
1.177479 -63.000000 -90.000000 200.015962
15
-0.317396 -7.791226
-1.267479 -15.530817
-2.843954 -23.167483
-5.036373 -30.650613
-7.830206 -37.930615
-11.206938 -44.959244
-15.144190 -51.689918
-19.615870 -58.078033
-24.592343 -64.081253
-30.040629 -69.659793
-35.924621 -74.776684
-42.205325 -79.398015
-48.841117 -83.493159
-55.788020 -87.034977
-62.999996 -89.999997
1.208429 -72.000000 -81.000000 186.732925
15
-0.382507 -7.889878
-1.526441 -15.705754
-3.421072 -23.374317
-6.048630 -30.823642
-9.384469 -37.983857
-13.397301 -44.787803
-18.049488 -51.171662
-23.297394 -57.075557
-29.091797 -62.444113
-35.378349 -67.226974
-42.098084 -71.379282
-49.187975 -74.862088
-56.581523 -77.642726
-64.209380 -79.695116
-72.000000 -81.000006
1.014700 9.000000 -144.000000 277.152669
15
0.040052 -9.624869
0.160204 -19.249072
0.360449 -28.871942
0.640773 -38.492811
1.001155 -48.111015
1.441572 -57.725886
1.961992 -67.336759
2.562380 -76.942967
3.242695 -86.543847
4.002888 -96.138732
4.842907 -105.726958
5.762694 -115.307860
6.762186 -124.880777
7.841313 -134.445044
9.000000 -143.999998
1.032994 18.000000 -135.000000 285.189285
15
0.080468 -9.105815
0.321847 -18.208787
0.724062 -27.306071
1.286987 -36.394826
2.010445 -45.472213
2.894212 -54.535397
3.938012 -63.581548
5.141517 -72.607839
6.504352 -81.611450
8.026093 -90.589572
9.706262 -99.539397
11.544336 -108.458132
13.539740 -117.342991
15.691851 -126.191198
17.999997 -134.999990
1.055285 27.000000 -126.000000 294.189515
15
0.121790 -8.653684
0.487065 -17.300514
1.095535 -25.933639
1.946717 -34.546221
3.039938 -43.131438
4.374332 -51.682489
5.948842 -60.192601
7.762220 -68.655032
9.813030 -77.063080
12.099648 -85.410083
14.620262 -93.689430
17.372876 -101.894563
20.355308 -110.018982
23.565198 -118.056251
27.000001 -126.000004
1.081682 36.000000 -117.000000 304.205458
15
0.164816 -8.281159
0.659004 -16.549202
1.481780 -24.791034
2.631842 -32.993601
4.107368 -41.143913
5.906021 -49.229060
8.024953 -57.236238
10.460807 -65.152763
13.209725 -72.966098
16.267354 -80.663868
19.628851 -88.233881
23.288891 -95.664147
27.241679 -102.942899
31.480954 -110.058607
36.000000 -117.000003
1.111769 45.000000 -108.000000 315.239731
15
0.210674 -8.002667
0.842113 -15.983166
1.892567 -23.919387
3.359127 -31.789347
5.237729 -39.571244
7.523170 -47.243521
10.209119 -54.784923
13.288134 -62.174560
16.751687 -69.391961
20.590183 -76.417132
24.792987 -83.230611
29.348458 -89.813525
34.243976 -96.147636
39.465980 -102.215399
45.000003 -108.000004
1.144374 54.000000 -99.000000 327.220921
15
0.260887 -7.833954
1.042392 -15.633193
2.341052 -23.363159
4.151112 -30.989598
6.464552 -38.478716
9.271120 -45.797327
12.558379 -52.913000
16.311764 -59.794206
20.514643 -66.410451
25.148390 -72.732419
30.192474 -78.732094
35.624544 -84.382891
41.420528 -89.659771
47.554742 -94.539351
54.000006 -99.000008
1.177479 63.000000 -90.000000 339.984038
15
0.317396 -7.791226
1.267479 -15.530817
2.843954 -23.167483
5.036373 -30.650613
7.830206 -37.930615
11.206938 -44.959244
15.144190 -51.689918
19.615870 -58.078033
24.592343 -64.081253
30.040629 -69.659793
35.924621 -74.776684
42.205325 -79.398015
48.841117 -83.493159
55.788020 -87.034977
62.999996 -89.999997
1.208429 72.000000 -81.000000 353.267075
15
0.382507 -7.889878
1.526441 -15.705754
3.421072 -23.374317
6.048630 -30.823642
9.384469 -37.983857
13.397301 -44.787803
18.049488 -51.171662
23.297394 -57.075557
29.091797 -62.444113
35.378349 -67.226974
42.098084 -71.379282
49.187975 -74.862088
56.581523 -77.642726
64.209380 -79.695116
72.000000 -81.000006
1.000000 0.000000 -153.000000 90.000000
15
0.000000 -10.200000
0.000000 -20.400000
0.000000 -30.600000
0.000000 -40.800000
0.000000 -51.000000
0.000000 -61.200000
0.000000 -71.400000
0.000000 -81.600000
0.000000 -91.800000
0.000000 -102.000000
0.000000 -112.200000
0.000000 -122.400000
0.000000 -132.600000
0.000000 -142.800000
0.000000 -153.000000
1.007350 18.000000 288.000000 82.847331
30
0.020026 9.624953
0.080104 19.249740
0.180232 28.874193
0.320409 38.498147
0.500632 48.121434
0.720898 57.743887
0.981204 67.365340
1.281545 76.985627
1.621916 86.604581
2.002311 96.222035
2.422722 105.837823
2.883144 115.451779
3.383568 125.063735
3.923985 134.673526
4.504386 144.280985
5.124761 153.885945
5.785100 163.488240
6.485390 173.087705
7.225619 182.684172
8.005776 192.277476
8.825845 201.867451
9.685814 211.453931
10.585667 221.036748
11.525389 230.615738
12.504963 240.190735
13.524373 249.761572
14.583600 259.328085
15.682627 268.890107
16.821434 278.447473
18.000001 288.000017
1.016497 36.000000 270.000000 74.810715
30
0.040235 9.106170
0.160936 18.211630
0.362095 27.315667
0.643694 36.417571
1.005713 45.516631
1.448124 54.612138
1.970890 63.703379
2.573973 72.789647
3.257324 81.870230
4.020891 90.944420
4.864613 100.011508
5.788425 109.070787
6.792254 118.121549
7.876023 127.163086
9.039646 136.194694
10.283033 145.215666
11.606087 154.225299
13.008704 163.222889
14.490775 172.207733
16.052184 181.179130
17.692809 190.136379
19.412523 199.078781
21.211190 208.005636
23.088670 216.916250
25.044817 225.809924
27.079478 234.685966
29.192494 243.543681
31.383700 252.382379
33.652925 261.201369
35.999992 269.999962
1.027642 54.000000 252.000000 65.810485
30
0.060898 8.654541
0.243581 17.307368
0.548011 25.956768
0.974130 34.601027
1.521852 43.238434
2.191069 51.867277
2.981649 60.485849
3.893434 69.092442
4.926245 77.685351
6.079877 86.262876
7.354101 94.823317
8.748665 103.364978
10.263292 111.886169
11.897684 120.385202
13.651516 128.860393
15.524440 137.310064
17.516087 145.732542
19.626061 154.126159
21.853944 162.489252
24.199296 170.820165
26.661652 179.117249
29.240524 187.378860
31.935402 195.603362
34.745751 203.789126
37.671016 211.934531
40.710617 220.037964
43.863951 228.097819
47.130395 236.112502
50.509302 244.080424
54.000002 252.000008
1.040841 72.000000 234.000000 55.794542
30
0.082416 8.282799
0.329632 16.562318
0.741551 24.835278
1.318008 33.098404
2.058775 41.348423
2.963560 49.582068
4.032004 57.796079
5.263684 65.987204
6.658112 74.152197
8.214736 82.287827
9.932940 90.390872
11.812043 98.458121
13.851300 106.486382
16.049906 114.472476
18.406988 122.413238
20.921614 130.305527
23.592787 138.146214
26.419450 145.932197
29.400484 153.660392
32.534708 161.327737
35.820881 168.931198
39.257702 176.467763
42.843809 183.934448
46.577783 191.328296
50.458146 198.646379
54.483359 205.885799
58.651830 213.043690
62.961908 220.117216
67.411886 227.103578
72.000001 234.000008
1.055884 90.000000 216.000000 44.760269
30
0.105355 8.005440
0.421348 16.005334
0.947760 23.994142
1.684226 31.966330
2.630235 39.916376
3.785134 47.838774
5.148121 55.728034
6.718253 63.578693
8.494442 71.385313
10.475458 79.142487
12.659928 86.844841
15.046339 94.487040
17.633040 102.063790
20.418237 109.569844
23.400001 117.000002
26.576267 124.349117
29.944835 131.612099
33.503373 138.783918
37.249413 145.859604
41.180363 152.834258
45.293499 159.703048
49.585972 166.461217
54.054809 173.104082
58.696914 179.627044
63.509072 186.025582
68.487950 192.295266
73.630099 198.431753
78.931957 204.430792
84.389852 210.288228
90.000003 216.000003
1.072187 108.000000 198.000000 32.779079
30
0.130480 7.838296
0.521774 15.667906
1.173449 23.480154
2.084784 31.266383
3.254767 39.017967
4.682103 46.726314
6.365210 54.382883
8.302223 61.979190
10.490995 69.506818
12.929102 76.957424
15.613841 84.322754
18.542237 91.594645
21.711046 98.765039
25.116756 105.825991
28.755593 112.769676
32.623526 119.588400
36.716266 126.274608
41.029281 132.820890
45.557791 139.219992
50.296776 145.464823
55.240986 151.548464
60.384943 157.464173
65.722946 163.205395
71.249080 168.765768
76.957222 174.139129
82.841047 179.319526
88.894033 184.301218
95.109474 189.078685
101.480484 193.646632
108.000002 197.999997
1.088740 126.000000 180.000000 20.015962
30
0.158764 7.797688
0.634791 15.582451
1.427294 23.341386
2.534958 31.061633
3.955948 38.730396
5.687908 46.334963
7.727967 53.862732
10.072745 61.301223
12.718354 68.638109
15.660411 75.861228
18.894037 82.958607
22.413874 89.918484
26.214088 96.729322
30.288379 103.379832
34.629995 109.858992
39.231739 116.156062
44.085984 122.260605
49.184685 128.162502
54.519390 133.851971
60.081256 139.319582
65.861067 144.556273
71.849240 149.553364
78.035851 154.302572
84.410647 158.796025
90.963060 163.026276
97.682230 166.986313
104.557020 170.669572
111.576036 174.069949
118.727643 177.181807
125.999987 179.999988
1.104215 144.000000 162.000000 6.732925
30
0.191366 7.899145
0.765014 15.779757
1.719600 23.623346
3.052882 31.411508
4.761734 39.125972
6.842145 46.748636
9.289234 54.261616
12.097260 61.647285
15.259635 68.888314
18.768938 75.967714
22.616937 82.868875
26.794602 89.575605
31.292133 96.072169
36.098976 102.343324
41.203853 108.374355
46.594788 114.151113
52.259132 119.660045
58.183594 124.888224
64.354275 129.823385
70.756697 134.453948
77.375838 138.769049
84.196167 142.758563
91.201684 146.413130
98.375950 149.724176
105.702134 152.683931
113.163046 155.285452
120.741181 157.522634
128.418759 159.390230
136.177766 160.883857
143.999998 162.000011
0.992650 -18.000000 288.000000 97.152669
30
-0.020026 9.624953
-0.080104 19.249740
-0.180232 28.874193
-0.320409 38.498147
-0.500632 48.121434
-0.720898 57.743887
-0.981204 67.365340
-1.281545 76.985627
-1.621916 86.604581
-2.002311 96.222035
-2.422722 105.837823
-2.883144 115.451779
-3.383568 125.063735
-3.923985 134.673526
-4.504386 144.280985
-5.124761 153.885945
-5.785100 163.488240
-6.485390 173.087705
-7.225619 182.684172
-8.005776 192.277476
-8.825845 201.867451
-9.685814 211.453931
-10.585667 221.036748
-11.525389 230.615738
-12.504963 240.190735
-13.524373 249.761572
-14.583600 259.328085
-15.682627 268.890107
-16.821434 278.447473
-18.000001 288.000017
0.983503 -36.000000 270.000000 105.189285
30
-0.040235 9.106170
-0.160936 18.211630
-0.362095 27.315667
-0.643694 36.417571
-1.005713 45.516631
-1.448124 54.612138
-1.970890 63.703379
-2.573973 72.789647
-3.257324 81.870230
-4.020891 90.944420
-4.864613 100.011508
-5.788425 109.070787
-6.792254 118.121549
-7.876023 127.163086
-9.039646 136.194694
-10.283033 145.215666
-11.606087 154.225299
-13.008704 163.222889
-14.490775 172.207733
-16.052184 181.179130
-17.692809 190.136379
-19.412523 199.078781
-21.211190 208.005636
-23.088670 216.916250
-25.044817 225.809924
-27.079478 234.685966
-29.192494 243.543681
-31.383700 252.382379
-33.652925 261.201369
-35.999992 269.999962
0.972358 -54.000000 252.000000 114.189515
30
-0.060898 8.654541
-0.243581 17.307368
-0.548011 25.956768
-0.974130 34.601027
-1.521852 43.238434
-2.191069 51.867277
-2.981649 60.485849
-3.893434 69.092442
-4.926245 77.685351
-6.079877 86.262876
-7.354101 94.823317
-8.748665 103.364978
-10.263292 111.886169
-11.897684 120.385202
-13.651516 128.860393
-15.524440 137.310064
-17.516087 145.732542
-19.626061 154.126159
-21.853944 162.489252
-24.199296 170.820165
-26.661652 179.117249
-29.240524 187.378860
-31.935402 195.603362
-34.745751 203.789126
-37.671016 211.934531
-40.710617 220.037964
-43.863951 228.097819
-47.130395 236.112502
-50.509302 244.080424
-54.000002 252.000008
0.959159 -72.000000 234.000000 124.205458
30
-0.082416 8.282799
-0.329632 16.562318
-0.741551 24.835278
-1.318008 33.098404
-2.058775 41.348423
-2.963560 49.582068
-4.032004 57.796079
-5.263684 65.987204
-6.658112 74.152197
-8.214736 82.287827
-9.932940 90.390872
-11.812043 98.458121
-13.851300 106.486382
-16.049906 114.472476
-18.406988 122.413238
-20.921614 130.305527
-23.592787 138.146214
-26.419450 145.932197
-29.400484 153.660392
-32.534708 161.327737
-35.820881 168.931198
-39.257702 176.467763
-42.843809 183.934448
-46.577783 191.328296
-50.458146 198.646379
-54.483359 205.885799
-58.651830 213.043690
-62.961908 220.117216
-67.411886 227.103578
-72.000001 234.000008
0.944116 -90.000000 216.000000 135.239731
30
-0.105355 8.005440
-0.421348 16.005334
-0.947760 23.994142
-1.684226 31.966330
-2.630235 39.916376
-3.785134 47.838774
-5.148121 55.728034
-6.718253 63.578693
-8.494442 71.385313
-10.475458 79.142487
-12.659928 86.844841
-15.046339 94.487040
-17.633040 102.063790
-20.418237 109.569844
-23.400001 117.000002
-26.576267 124.349117
-29.944835 131.612099
-33.503373 138.783918
-37.249413 145.859604
-41.180363 152.834258
-45.293499 159.703048
-49.585972 166.461217
-54.054809 173.104082
-58.696914 179.627044
-63.509072 186.025582
-68.487950 192.295266
-73.630099 198.431753
-78.931957 204.430792
-84.389852 210.288228
-90.000003 216.000003
0.927813 -108.000000 198.000000 147.220921
30
-0.130480 7.838296
-0.521774 15.667906
-1.173449 23.480154
-2.084784 31.266383
-3.254767 39.017967
-4.682103 46.726314
-6.365210 54.382883
-8.302223 61.979190
-10.490995 69.506818
-12.929102 76.957424
-15.613841 84.322754
-18.542237 91.594645
-21.711046 98.765039
-25.116756 105.825991
-28.755593 112.769676
-32.623526 119.588400
-36.716266 126.274608
-41.029281 132.820890
-45.557791 139.219992
-50.296776 145.464823
-55.240986 151.548464
-60.384943 157.464173
-65.722946 163.205395
-71.249080 168.765768
-76.957222 174.139129
-82.841047 179.319526
-88.894033 184.301218
-95.109474 189.078685
-101.480484 193.646632
-108.000002 197.999997
0.911260 -126.000000 180.000000 159.984038
30
-0.158764 7.797688
-0.634791 15.582451
-1.427294 23.341386
-2.534958 31.061633
-3.955948 38.730396
-5.687908 46.334963
-7.727967 53.862732
-10.072745 61.301223
-12.718354 68.638109
-15.660411 75.861228
-18.894037 82.958607
-22.413874 89.918484
-26.214088 96.729322
-30.288379 103.379832
-34.629995 109.858992
-39.231739 116.156062
-44.085984 122.260605
-49.184685 128.162502
-54.519390 133.851971
-60.081256 139.319582
-65.861067 144.556273
-71.849240 149.553364
-78.035851 154.302572
-84.410647 158.796025
-90.963060 163.026276
-97.682230 166.986313
-104.557020 170.669572
-111.576036 174.069949
-118.727643 177.181807
-125.999987 179.999988
0.895785 -144.000000 162.000000 173.267075
30
-0.191366 7.899145
-0.765014 15.779757
-1.719600 23.623346
-3.052882 31.411508
-4.761734 39.125972
-6.842145 46.748636
-9.289234 54.261616
-12.097260 61.647285
-15.259635 68.888314
-18.768938 75.967714
-22.616937 82.868875
-26.794602 89.575605
-31.292133 96.072169
-36.098976 102.343324
-41.203853 108.374355
-46.594788 114.151113
-52.259132 119.660045
-58.183594 124.888224
-64.354275 129.823385
-70.756697 134.453948
-77.375838 138.769049
-84.196167 142.758563
-91.201684 146.413130
-98.375950 149.724176
-105.702134 152.683931
-113.163046 155.285452
-120.741181 157.522634
-128.418759 159.390230
-136.177766 160.883857
-143.999998 162.000011
1.000000 0.000000 306.000000 90.000000
30
0.000000 10.200000
0.000000 20.400000
0.000000 30.600000
0.000000 40.800000
0.000000 51.000000
0.000000 61.200000
0.000000 71.400000
0.000000 81.600000
0.000000 91.800000
0.000000 102.000000
0.000000 112.200000
0.000000 122.400000
0.000000 132.600000
0.000000 142.800000
0.000000 153.000000
0.000000 163.200000
0.000000 173.400000
0.000000 183.600000
0.000000 193.800000
0.000000 204.000000
0.000000 214.200000
0.000000 224.400000
0.000000 234.600000
0.000000 244.800000
0.000000 255.000000
0.000000 265.200000
0.000000 275.400000
0.000000 285.600000
0.000000 295.800000
0.000000 306.000000
1.007350 -18.000000 -288.000000 262.847331
30
-0.020026 -9.624953
-0.080104 -19.249740
-0.180232 -28.874193
-0.320409 -38.498147
-0.500632 -48.121434
-0.720898 -57.743887
-0.981204 -67.365340
-1.281545 -76.985627
-1.621916 -86.604581
-2.002311 -96.222035
-2.422722 -105.837823
-2.883144 -115.451779
-3.383568 -125.063735
-3.923985 -134.673526
-4.504386 -144.280985
-5.124761 -153.885945
-5.785100 -163.488240
-6.485390 -173.087705
-7.225619 -182.684172
-8.005776 -192.277476
-8.825845 -201.867451
-9.685814 -211.453931
-10.585667 -221.036748
-11.525389 -230.615738
-12.504963 -240.190735
-13.524373 -249.761572
-14.583600 -259.328085
-15.682627 -268.890107
-16.821434 -278.447473
-18.000001 -288.000017
1.016497 -36.000000 -270.000000 254.810715
30
-0.040235 -9.106170
-0.160936 -18.211630
-0.362095 -27.315667
-0.643694 -36.417571
-1.005713 -45.516631
-1.448124 -54.612138
-1.970890 -63.703379
-2.573973 -72.789647
-3.257324 -81.870230
-4.020891 -90.944420
-4.864613 -100.011508
-5.788425 -109.070787
-6.792254 -118.121549
-7.876023 -127.163086
-9.039646 -136.194694
-10.283033 -145.215666
-11.606087 -154.225299
-13.008704 -163.222889
-14.490775 -172.207733
-16.052184 -181.179130
-17.692809 -190.136379
-19.412523 -199.078781
-21.211190 -208.005636
-23.088670 -216.916250
-25.044817 -225.809924
-27.079478 -234.685966
-29.192494 -243.543681
-31.383700 -252.382379
-33.652925 -261.201369
-35.999992 -269.999962
1.027642 -54.000000 -252.000000 245.810485
30
-0.060898 -8.654541
-0.243581 -17.307368
-0.548011 -25.956768
-0.974130 -34.601027
-1.521852 -43.238434
-2.191069 -51.867277
-2.981649 -60.485849
-3.893434 -69.092442
-4.926245 -77.685351
-6.079877 -86.262876
-7.354101 -94.823317
-8.748665 -103.364978
-10.263292 -111.886169
-11.897684 -120.385202
-13.651516 -128.860393
-15.524440 -137.310064
-17.516087 -145.732542
-19.626061 -154.126159
-21.853944 -162.489252
-24.199296 -170.820165
-26.661652 -179.117249
-29.240524 -187.378860
-31.935402 -195.603362
-34.745751 -203.789126
-37.671016 -211.934531
-40.710617 -220.037964
-43.863951 -228.097819
-47.130395 -236.112502
-50.509302 -244.080424
-54.000002 -252.000008
1.040841 -72.000000 -234.000000 235.794542
30
-0.082416 -8.282799
-0.329632 -16.562318
-0.741551 -24.835278
-1.318008 -33.098404
-2.058775 -41.348423
-2.963560 -49.582068
-4.032004 -57.796079
-5.263684 -65.987204
-6.658112 -74.152197
-8.214736 -82.287827
-9.932940 -90.390872
-11.812043 -98.458121
-13.851300 -106.486382
-16.049906 -114.472476
-18.406988 -122.413238
-20.921614 -130.305527
-23.592787 -138.146214
-26.419450 -145.932197
-29.400484 -153.660392
-32.534708 -161.327737
-35.820881 -168.931198
-39.257702 -176.467763
-42.843809 -183.934448
-46.577783 -191.328296
-50.458146 -198.646379
-54.483359 -205.885799
-58.651830 -213.043690
-62.961908 -220.117216
-67.411886 -227.103578
-72.000001 -234.000008
1.055884 -90.000000 -216.000000 224.760269
30
-0.105355 -8.005440
-0.421348 -16.005334
-0.947760 -23.994142
-1.684226 -31.966330
-2.630235 -39.916376
-3.785134 -47.838774
-5.148121 -55.728034
-6.718253 -63.578693
-8.494442 -71.385313
-10.475458 -79.142487
-12.659928 -86.844841
-15.046339 -94.487040
-17.633040 -102.063790
-20.418237 -109.569844
-23.400001 -117.000002
-26.576267 -124.349117
-29.944835 -131.612099
-33.503373 -138.783918
-37.249413 -145.859604
-41.180363 -152.834258
-45.293499 -159.703048
-49.585972 -166.461217
-54.054809 -173.104082
-58.696914 -179.627044
-63.509072 -186.025582
-68.487950 -192.295266
-73.630099 -198.431753
-78.931957 -204.430792
-84.389852 -210.288228
-90.000003 -216.000003
1.072187 -108.000000 -198.000000 212.779079
30
-0.130480 -7.838296
-0.521774 -15.667906
-1.173449 -23.480154
-2.084784 -31.266383
-3.254767 -39.017967
-4.682103 -46.726314
-6.365210 -54.382883
-8.302223 -61.979190
-10.490995 -69.506818
-12.929102 -76.957424
-15.613841 -84.322754
-18.542237 -91.594645
-21.711046 -98.765039
-25.116756 -105.825991
-28.755593 -112.769676
-32.623526 -119.588400
-36.716266 -126.274608
-41.029281 -132.820890
-45.557791 -139.219992
-50.296776 -145.464823
-55.240986 -151.548464
-60.384943 -157.464173
-65.722946 -163.205395
-71.249080 -168.765768
-76.957222 -174.139129
-82.841047 -179.319526
-88.894033 -184.301218
-95.109474 -189.078685
-101.480484 -193.646632
-108.000002 -197.999997
1.088740 -126.000000 -180.000000 200.015962
30
-0.158764 -7.797688
-0.634791 -15.582451
-1.427294 -23.341386
-2.534958 -31.061633
-3.955948 -38.730396
-5.687908 -46.334963
-7.727967 -53.862732
-10.072745 -61.301223
-12.718354 -68.638109
-15.660411 -75.861228
-18.894037 -82.958607
-22.413874 -89.918484
-26.214088 -96.729322
-30.288379 -103.379832
-34.629995 -109.858992
-39.231739 -116.156062
-44.085984 -122.260605
-49.184685 -128.162502
-54.519390 -133.851971
-60.081256 -139.319582
-65.861067 -144.556273
-71.849240 -149.553364
-78.035851 -154.302572
-84.410647 -158.796025
-90.963060 -163.026276
-97.682230 -166.986313
-104.557020 -170.669572
-111.576036 -174.069949
-118.727643 -177.181807
-125.999987 -179.999988
1.104215 -144.000000 -162.000000 186.732925
30
-0.191366 -7.899145
-0.765014 -15.779757
-1.719600 -23.623346
-3.052882 -31.411508
-4.761734 -39.125972
-6.842145 -46.748636
-9.289234 -54.261616
-12.097260 -61.647285
-15.259635 -68.888314
-18.768938 -75.967714
-22.616937 -82.868875
-26.794602 -89.575605
-31.292133 -96.072169
-36.098976 -102.343324
-41.203853 -108.374355
-46.594788 -114.151113
-52.259132 -119.660045
-58.183594 -124.888224
-64.354275 -129.823385
-70.756697 -134.453948
-77.375838 -138.769049
-84.196167 -142.758563
-91.201684 -146.413130
-98.375950 -149.724176
-105.702134 -152.683931
-113.163046 -155.285452
-120.741181 -157.522634
-128.418759 -159.390230
-136.177766 -160.883857
-143.999998 -162.000011
1.007350 18.000000 -288.000000 277.152669
30
0.020026 -9.624953
0.080104 -19.249740
0.180232 -28.874193
0.320409 -38.498147
0.500632 -48.121434
0.720898 -57.743887
0.981204 -67.365340
1.281545 -76.985627
1.621916 -86.604581
2.002311 -96.222035
2.422722 -105.837823
2.883144 -115.451779
3.383568 -125.063735
3.923985 -134.673526
4.504386 -144.280985
5.124761 -153.885945
5.785100 -163.488240
6.485390 -173.087705
7.225619 -182.684172
8.005776 -192.277476
8.825845 -201.867451
9.685814 -211.453931
10.585667 -221.036748
11.525389 -230.615738
12.504963 -240.190735
13.524373 -249.761572
14.583600 -259.328085
15.682627 -268.890107
16.821434 -278.447473
18.000001 -288.000017
1.016497 36.000000 -270.000000 285.189285
30
0.040235 -9.106170
0.160936 -18.211630
0.362095 -27.315667
0.643694 -36.417571
1.005713 -45.516631
1.448124 -54.612138
1.970890 -63.703379
2.573973 -72.789647
3.257324 -81.870230
4.020891 -90.944420
4.864613 -100.011508
5.788425 -109.070787
6.792254 -118.121549
7.876023 -127.163086
9.039646 -136.194694
10.283033 -145.215666
11.606087 -154.225299
13.008704 -163.222889
14.490775 -172.207733
16.052184 -181.179130
17.692809 -190.136379
19.412523 -199.078781
21.211190 -208.005636
23.088670 -216.916250
25.044817 -225.809924
27.079478 -234.685966
29.192494 -243.543681
31.383700 -252.382379
33.652925 -261.201369
35.999992 -269.999962
1.027642 54.000000 -252.000000 294.189515
30
0.060898 -8.654541
0.243581 -17.307368
0.548011 -25.956768
0.974130 -34.601027
1.521852 -43.238434
2.191069 -51.867277
2.981649 -60.485849
3.893434 -69.092442
4.926245 -77.685351
6.079877 -86.262876
7.354101 -94.823317
8.748665 -103.364978
10.263292 -111.886169
11.897684 -120.385202
13.651516 -128.860393
15.524440 -137.310064
17.516087 -145.732542
19.626061 -154.126159
21.853944 -162.489252
24.199296 -170.820165
26.661652 -179.117249
29.240524 -187.378860
31.935402 -195.603362
34.745751 -203.789126
37.671016 -211.934531
40.710617 -220.037964
43.863951 -228.097819
47.130395 -236.112502
50.509302 -244.080424
54.000002 -252.000008
1.040841 72.000000 -234.000000 304.205458
30
0.082416 -8.282799
0.329632 -16.562318
0.741551 -24.835278
1.318008 -33.098404
2.058775 -41.348423
2.963560 -49.582068
4.032004 -57.796079
5.263684 -65.987204
6.658112 -74.152197
8.214736 -82.287827
9.932940 -90.390872
11.812043 -98.458121
13.851300 -106.486382
16.049906 -114.472476
18.406988 -122.413238
20.921614 -130.305527
23.592787 -138.146214
26.419450 -145.932197
29.400484 -153.660392
32.534708 -161.327737
35.820881 -168.931198
39.257702 -176.467763
42.843809 -183.934448
46.577783 -191.328296
50.458146 -198.646379
54.483359 -205.885799
58.651830 -213.043690
62.961908 -220.117216
67.411886 -227.103578
72.000001 -234.000008
1.055884 90.000000 -216.000000 315.239731
30
0.105355 -8.005440
0.421348 -16.005334
0.947760 -23.994142
1.684226 -31.966330
2.630235 -39.916376
3.785134 -47.838774
5.148121 -55.728034
6.718253 -63.578693
8.494442 -71.385313
10.475458 -79.142487
12.659928 -86.844841
15.046339 -94.487040
17.633040 -102.063790
20.418237 -109.569844
23.400001 -117.000002
26.576267 -124.349117
29.944835 -131.612099
33.503373 -138.783918
37.249413 -145.859604
41.180363 -152.834258
45.293499 -159.703048
49.585972 -166.461217
54.054809 -173.104082
58.696914 -179.627044
63.509072 -186.025582
68.487950 -192.295266
73.630099 -198.431753
78.931957 -204.430792
84.389852 -210.288228
90.000003 -216.000003
1.072187 108.000000 -198.000000 327.220921
30
0.130480 -7.838296
0.521774 -15.667906
1.173449 -23.480154
2.084784 -31.266383
3.254767 -39.017967
4.682103 -46.726314
6.365210 -54.382883
8.302223 -61.979190
10.490995 -69.506818
12.929102 -76.957424
15.613841 -84.322754
18.542237 -91.594645
21.711046 -98.765039
25.116756 -105.825991
28.755593 -112.769676
32.623526 -119.588400
36.716266 -126.274608
41.029281 -132.820890
45.557791 -139.219992
50.296776 -145.464823
55.240986 -151.548464
60.384943 -157.464173
65.722946 -163.205395
71.249080 -168.765768
76.957222 -174.139129
82.841047 -179.319526
88.894033 -184.301218
95.109474 -189.078685
101.480484 -193.646632
108.000002 -197.999997
1.088740 126.000000 -180.000000 339.984038
30
0.158764 -7.797688
0.634791 -15.582451
1.427294 -23.341386
2.534958 -31.061633
3.955948 -38.730396
5.687908 -46.334963
7.727967 -53.862732
10.072745 -61.301223
12.718354 -68.638109
15.660411 -75.861228
18.894037 -82.958607
22.413874 -89.918484
26.214088 -96.729322
30.288379 -103.379832
34.629995 -109.858992
39.231739 -116.156062
44.085984 -122.260605
49.184685 -128.162502
54.519390 -133.851971
60.081256 -139.319582
65.861067 -144.556273
71.849240 -149.553364
78.035851 -154.302572
84.410647 -158.796025
90.963060 -163.026276
97.682230 -166.986313
104.557020 -170.669572
111.576036 -174.069949
118.727643 -177.181807
125.999987 -179.999988
1.104215 144.000000 -162.000000 353.267075
30
0.191366 -7.899145
0.765014 -15.779757
1.719600 -23.623346
3.052882 -31.411508
4.761734 -39.125972
6.842145 -46.748636
9.289234 -54.261616
12.097260 -61.647285
15.259635 -68.888314
18.768938 -75.967714
22.616937 -82.868875
26.794602 -89.575605
31.292133 -96.072169
36.098976 -102.343324
41.203853 -108.374355
46.594788 -114.151113
52.259132 -119.660045
58.183594 -124.888224
64.354275 -129.823385
70.756697 -134.453948
77.375838 -138.769049
84.196167 -142.758563
91.201684 -146.413130
98.375950 -149.724176
105.702134 -152.683931
113.163046 -155.285452
120.741181 -157.522634
128.418759 -159.390230
136.177766 -160.883857
143.999998 -162.000011
1.000000 0.000000 -306.000000 90.000000
30
0.000000 -10.200000
0.000000 -20.400000
0.000000 -30.600000
0.000000 -40.800000
0.000000 -51.000000
0.000000 -61.200000
0.000000 -71.400000
0.000000 -81.600000
0.000000 -91.800000
0.000000 -102.000000
0.000000 -112.200000
0.000000 -122.400000
0.000000 -132.600000
0.000000 -142.800000
0.000000 -153.000000
0.000000 -163.200000
0.000000 -173.400000
0.000000 -183.600000
0.000000 -193.800000
0.000000 -204.000000
0.000000 -214.200000
0.000000 -224.400000
0.000000 -234.600000
0.000000 -244.800000
0.000000 -255.000000
0.000000 -265.200000
0.000000 -275.400000
0.000000 -285.600000
0.000000 -295.800000
0.000000 -306.000000
