183
1.040805 1.000000 60.000000 88.090318
6
0.027780 10.001800
0.111120 20.003292
0.250017 30.004167
0.444467 40.004115
0.694464 50.002829
1.000000 60.000000
1.086202 2.000000 59.000000 86.117027
6
0.055576 9.840655
0.222298 19.680056
0.500144 29.516945
0.889078 39.350069
1.389051 49.178173
2.000000 59.000002
1.136839 3.000000 58.000000 84.078128
6
0.083405 9.683420
0.333597 19.363967
0.750501 29.038767
1.333993 38.704952
2.083900 48.359651
3.000000 58.000000
1.193483 4.000000 57.000000 81.971648
6
0.111288 9.530293
0.445092 19.055388
1.001228 28.570092
1.779395 38.069214
2.779168 47.547575
4.000001 57.000006
1.257051 5.000000 56.000000 79.795669
6
0.139246 9.381480
0.556863 18.754695
1.252481 28.111387
2.225489 37.443311
3.475029 46.742247
5.000000 56.000002
1.328642 6.000000 55.000000 77.548342
6
0.167306 9.237202
0.669004 18.462287
1.504436 27.663154
2.672507 36.827732
4.171684 45.944001
6.000000 55.000002
1.409590 7.000000 54.000000 75.227914
6
0.195495 9.097686
0.781619 18.178577
1.757290 27.225906
3.120708 36.222973
4.869353 45.153166
7.000000 53.999999
1.501524 8.000000 53.000000 72.832758
6
0.223846 8.963172
0.894825 17.903998
2.011264 26.800184
3.570380 35.629552
5.568285 44.370087
7.999999 52.999997
1.606458 9.000000 52.000000 70.361398
6
0.252393 8.833914
1.008750 17.639006
2.266602 26.386551
4.021847 35.048008
6.268756 43.595120
9.000000 52.000002
1.726906 10.000000 51.000000 67.812554
6
0.281178 8.710167
1.123539 17.384064
2.523578 25.985573
4.475464 34.478877
6.971068 42.828609
10.000000 51.000001
1.866047 11.000000 50.000000 65.185163
6
0.310242 8.592206
1.239353 17.139663
2.782493 25.597853
4.931627 33.922725
7.675560 42.070920
11.000001 50.000002
2.027960 12.000000 49.000000 62.478431
6
0.339636 8.480313
1.356367 16.906303
3.043681 25.223997
5.390769 33.380113
8.382597 41.322407
12.000000 49.000001
2.217957 13.000000 48.000000 59.691862
6
0.369411 8.374780
1.474776 16.684507
3.307507 24.864635
5.853370 32.851624
9.092588 40.583432
13.000002 48.000003
2.443092 14.000000 47.000000 56.825324
6
0.399628 8.275907
1.594792 16.474804
3.574372 24.520400
6.319948 32.337826
9.805969 39.854341
13.999999 47.000000
2.712926 15.000000 46.000000 53.879057
6
0.430349 8.184007
1.716650 16.277745
3.844715 24.191941
6.791071 31.839304
10.523221 39.135483
15.000000 46.000001
3.040744 16.000000 45.000000 50.853747
6
0.461646 8.099396
1.840602 16.093883
4.119010 23.879909
7.267355 31.356623
11.244859 38.427182
16.000002 45.000002
3.445554 17.000000 44.000000 47.750564
6
0.493592 8.022400
1.966924 15.923782
4.397769 23.584952
7.749458 30.890342
11.971431 37.729748
16.999999 43.999999
3.955530 18.000000 43.000000 44.571176
6
0.526272 7.953350
2.095912 15.768014
4.681548 23.307723
8.238094 30.441006
12.703534 37.043474
18.000000 42.999999
4.614267 19.000000 42.000000 41.317820
6
0.559773 7.892580
2.227884 15.627149
4.970939 23.048861
8.734020 30.009133
13.441790 36.368619
19.000000 42.000001
5.492980 20.000000 41.000000 37.993307
6
0.594189 7.840426
2.363182 15.501757
5.266572 22.808991
9.238039 29.595212
14.186863 35.705406
20.000002 41.000003
6.716446 21.000000 40.000000 34.601056
6
0.629621 7.797224
2.502167 15.392399
5.569116 22.588713
9.750994 29.199690
14.939438 35.054019
20.999998 39.999999
8.524941 22.000000 39.000000 31.145086
6
0.666175 7.763310
2.645222 15.299632
5.879277 22.388613
10.273780 28.822984
15.700242 34.414610
22.000001 39.000000
11.447950 23.000000 38.000000 27.630052
6
0.703964 7.739014
2.792750 15.223991
6.197790 22.209233
10.807314 28.465445
16.470010 33.787265
23.000000 38.000001
16.926267 24.000000 37.000000 24.061190
6
0.743106 7.724659
2.945169 15.165995
6.525423 22.051077
11.352552 28.127376
17.249507 33.172025
24.000002 37.000000
30.752066 25.000000 36.000000 20.444338
6
0.783723 7.720560
3.102917 15.126139
6.862966 21.914608
11.910467 27.809011
18.039495 32.568873
25.000000 36.000001
130.103448 26.000000 35.000000 16.785850
6
0.825941 7.727018
3.266443 15.104886
7.211230 21.800230
12.482055 27.510517
18.840752 31.977725
26.000001 35.000000
-64.898305 27.000000 34.000000 13.092589
6
0.869890 7.744319
3.436203 15.102663
7.571037 21.708292
13.068310 27.231983
19.654040 31.398438
26.999996 33.999999
-27.195804 28.000000 33.000000 9.371796
6
0.915702 7.772736
3.612668 15.119866
7.943222 21.639087
13.670239 26.973430
20.480127 30.830807
28.000003 33.000001
-17.726457 29.000000 32.000000 5.631099
6
0.963512 7.812516
3.796304 15.156837
8.328612 21.592826
14.288818 26.734781
21.319735 30.274551
29.000008 32.000001
-13.448161 30.000000 31.000000 1.878368
6
1.013452 7.863886
3.987579 15.213877
8.728027 21.569658
14.925011 26.515887
22.173567 29.729333
30.000009 31.000001
0.960011 -1.000000 60.000000 91.909682
6
-0.027780 10.001800
-0.111120 20.003292
-0.250017 30.004167
-0.444467 40.004115
-0.694464 50.002829
-1.000000 60.000000
0.917360 -2.000000 59.000000 93.882973
6
-0.055576 9.840655
-0.222298 19.680056
-0.500144 29.516945
-0.889078 39.350069
-1.389051 49.178173
-2.000000 59.000002
0.871924 -3.000000 58.000000 95.921872
6
-0.083405 9.683420
-0.333597 19.363967
-0.750501 29.038767
-1.333993 38.704952
-2.083900 48.359651
-3.000000 58.000000
0.823583 -4.000000 57.000000 98.028352
6
-0.111288 9.530293
-0.445092 19.055388
-1.001228 28.570092
-1.779395 38.069214
-2.779168 47.547575
-4.000001 57.000006
0.772224 -5.000000 56.000000 100.204331
6
-0.139246 9.381480
-0.556863 18.754695
-1.252481 28.111387
-2.225489 37.443311
-3.475029 46.742247
-5.000000 56.000002
0.717739 -6.000000 55.000000 102.451658
6
-0.167306 9.237202
-0.669004 18.462287
-1.504436 27.663154
-2.672507 36.827732
-4.171684 45.944001
-6.000000 55.000002
0.660034 -7.000000 54.000000 104.772086
6
-0.195495 9.097686
-0.781619 18.178577
-1.757290 27.225906
-3.120708 36.222973
-4.869353 45.153166
-7.000000 53.999999
0.599025 -8.000000 53.000000 107.167242
6
-0.223846 8.963172
-0.894825 17.903998
-2.011264 26.800184
-3.570380 35.629552
-5.568285 44.370087
-7.999999 52.999997
0.534650 -9.000000 52.000000 109.638602
6
-0.252393 8.833914
-1.008750 17.639006
-2.266602 26.386551
-4.021847 35.048008
-6.268756 43.595120
-9.000000 52.000002
0.466864 -10.000000 51.000000 112.187446
6
-0.281178 8.710167
-1.123539 17.384064
-2.523578 25.985573
-4.475464 34.478877
-6.971068 42.828609
-10.000000 51.000001
0.395651 -11.000000 50.000000 114.814837
6
-0.310242 8.592206
-1.239353 17.139663
-2.782493 25.597853
-4.931627 33.922725
-7.675560 42.070920
-11.000001 50.000002
0.321022 -12.000000 49.000000 117.521569
6
-0.339636 8.480313
-1.356367 16.906303
-3.043681 25.223997
-5.390769 33.380113
-8.382597 41.322407
-12.000000 49.000001
0.243025 -13.000000 48.000000 120.308138
6
-0.369411 8.374780
-1.474776 16.684507
-3.307507 24.864635
-5.853370 32.851624
-9.092588 40.583432
-13.000002 48.000003
0.161746 -14.000000 47.000000 123.174676
6
-0.399628 8.275907
-1.594792 16.474804
-3.574372 24.520400
-6.319948 32.337826
-9.805969 39.854341
-13.999999 47.000000
0.077317 -15.000000 46.000000 126.120943
6
-0.430349 8.184007
-1.716650 16.277745
-3.844715 24.191941
-6.791071 31.839304
-10.523221 39.135483
-15.000000 46.000001
-0.010083 -16.000000 45.000000 129.146253
6
-0.461646 8.099396
-1.840602 16.093883
-4.119010 23.879909
-7.267355 31.356623
-11.244859 38.427182
-16.000002 45.000002
-0.100225 -17.000000 44.000000 132.249436
6
-0.493592 8.022400
-1.966924 15.923782
-4.397769 23.584952
-7.749458 30.890342
-11.971431 37.729748
-16.999999 43.999999
-0.192821 -18.000000 43.000000 135.428824
6
-0.526272 7.953350
-2.095912 15.768014
-4.681548 23.307723
-8.238094 30.441006
-12.703534 37.043474
-18.000000 42.999999
-0.287529 -19.000000 42.000000 138.682180
6
-0.559773 7.892580
-2.227884 15.627149
-4.970939 23.048861
-8.734020 30.009133
-13.441790 36.368619
-19.000000 42.000001
-0.383950 -20.000000 41.000000 142.006693
6
-0.594189 7.840426
-2.363182 15.501757
-5.266572 22.808991
-9.238039 29.595212
-14.186863 35.705406
-20.000002 41.000003
-0.481627 -21.000000 40.000000 145.398944
6
-0.629621 7.797224
-2.502167 15.392399
-5.569116 22.588713
-9.750994 29.199690
-14.939438 35.054019
-20.999998 39.999999
-0.580050 -22.000000 39.000000 148.854914
6
-0.666175 7.763310
-2.645222 15.299632
-5.879277 22.388613
-10.273780 28.822984
-15.700242 34.414610
-22.000001 39.000000
-0.678662 -23.000000 38.000000 152.369948
6
-0.703964 7.739014
-2.792750 15.223991
-6.197790 22.209233
-10.807314 28.465445
-16.470010 33.787265
-23.000000 38.000001
-0.776864 -24.000000 37.000000 155.938810
6
-0.743106 7.724659
-2.945169 15.165995
-6.525423 22.051077
-11.352552 28.127376
-17.249507 33.172025
-24.000002 37.000000
-0.874024 -25.000000 36.000000 159.555662
6
-0.783723 7.720560
-3.102917 15.126139
-6.862966 21.914608
-11.910467 27.809011
-18.039495 32.568873
-25.000000 36.000001
-0.969490 -26.000000 35.000000 163.214150
6
-0.825941 7.727018
-3.266443 15.104886
-7.211230 21.800230
-12.482055 27.510517
-18.840752 31.977725
-26.000001 35.000000
-1.062599 -27.000000 34.000000 166.907411
6
-0.869890 7.744319
-3.436203 15.102663
-7.571037 21.708292
-13.068310 27.231983
-19.654040 31.398438
-26.999996 33.999999
-1.152696 -28.000000 33.000000 170.628204
6
-0.915702 7.772736
-3.612668 15.119866
-7.943222 21.639087
-13.670239 26.973430
-20.480127 30.830807
-28.000003 33.000001
-1.239142 -29.000000 32.000000 174.368901
6
-0.963512 7.812516
-3.796304 15.156837
-8.328612 21.592826
-14.288818 26.734781
-21.319735 30.274551
-29.000008 32.000001
-1.321333 -30.000000 31.000000 178.121632
6
-1.013452 7.863886
-3.987579 15.213877
-8.728027 21.569658
-14.925011 26.515887
-22.173567 29.729333
-30.000009 31.000001
1.000000 0.000000 60.000000 90.000000
6
0.000000 10.000000
0.000000 20.000000
0.000000 30.000000
0.000000 40.000000
0.000000 50.000000
0.000000 60.000000
1.013419 3.000000 180.000000 88.090318
18
0.009260 10.001846
0.037040 20.003657
0.083341 30.005400
0.148161 40.007040
0.231501 50.008543
0.333361 60.009875
0.453739 70.011001
0.592637 80.011886
0.750052 90.012497
0.925985 100.012800
1.120435 110.012760
1.333402 120.012342
1.564884 130.011513
1.814881 140.010238
2.083392 150.008483
2.370416 160.006214
2.675953 170.003396
3.000000 179.999995
1.027931 6.000000 177.000000 86.117027
18
0.018526 9.840841
0.074102 19.681542
0.166729 29.521964
0.296404 39.361968
0.463127 49.201414
0.666893 59.040162
0.907702 68.878074
1.185549 78.715009
1.500431 88.550828
1.852342 98.385392
2.241278 108.218562
2.667234 118.050197
3.130203 127.880159
3.630178 137.708308
4.167154 147.534505
4.741121 157.358611
5.352073 167.180485
6.000000 176.999991
1.043623 9.000000 174.000000 84.078128
18
0.027802 9.683845
0.111209 19.367372
0.250216 29.050259
0.444821 38.732189
0.695015 48.412842
1.000792 58.091898
1.362140 67.769039
1.779048 77.443946
2.251503 87.116299
2.779488 96.785780
3.362986 106.452071
4.001979 116.114851
4.696444 125.773803
5.446360 135.428608
6.251700 145.078948
7.112440 154.724505
8.028550 164.364960
9.000000 173.999996
1.060587 12.000000 171.000000 81.971648
18
0.037098 9.531063
0.148388 19.061549
0.333864 28.590880
0.593515 38.118478
0.927325 47.643766
1.335274 57.166167
1.817338 66.685103
2.373486 76.199999
3.003685 85.710278
3.707897 95.215362
4.486080 104.714676
5.338186 114.207645
6.264163 123.693693
7.263956 133.172246
8.337503 142.642728
9.484741 152.104567
10.705598 161.557188
12.000002 171.000020
1.078921 15.000000 168.000000 79.795669
18
0.046418 9.382705
0.185669 18.764491
0.417739 28.144441
0.742605 37.521635
1.160235 46.895156
1.670588 56.264086
2.273615 65.627507
2.969257 74.984504
3.757444 84.334161
4.638101 93.675560
5.611141 103.007789
6.676468 112.329934
7.833979 121.641082
9.083559 130.940321
10.425088 140.226742
11.858433 149.499434
13.383453 158.757491
15.000001 168.000006
1.098732 18.000000 165.000000 77.548342
18
0.055774 9.238997
0.223088 18.476647
0.501918 27.711604
0.892222 36.942522
1.393945 46.168054
2.007012 55.386857
2.731335 64.597586
3.566808 73.798899
4.513309 82.989455
5.570700 92.167914
6.738828 101.332937
8.017521 110.483190
9.406593 119.617337
10.905843 128.734049
12.515051 137.831995
14.233982 146.909850
16.062387 155.966290
17.999999 164.999996
1.120129 21.000000 162.000000 75.227914
18
0.065174 9.100175
0.260682 18.198483
0.586485 27.293058
1.042515 36.382033
1.628680 45.463545
2.344858 54.535728
3.190902 63.596724
4.166640 72.644672
5.271871 81.677717
6.506368 90.694005
7.869879 99.691687
9.362122 108.668916
10.982793 117.623851
12.731558 126.554655
14.608060 135.459495
16.611912 144.336545
18.742704 153.183983
20.999998 161.999994
1.143230 24.000000 159.000000 72.832758
18
0.074629 8.966485
0.298495 17.930485
0.671537 26.889517
1.193651 35.841099
1.864691 44.782750
2.684473 53.711993
3.652770 62.626353
4.769312 71.523361
6.033791 80.400551
7.445856 89.255464
9.005116 98.085647
10.711138 106.888653
12.563451 115.662042
14.561541 124.403383
16.704854 133.110256
18.992797 141.780246
21.424735 150.410952
23.999995 158.999984
1.168159 27.000000 156.000000 70.361398
18
0.084151 8.838187
0.336575 17.673169
0.757180 26.501743
1.345813 35.320708
2.102262 44.126866
3.026250 52.917024
4.117445 61.687995
5.375450 70.436597
6.799808 79.159660
8.390004 87.854021
10.145460 96.516526
12.065541 105.144036
14.149550 113.733420
16.396732 122.281567
18.806271 130.785375
21.377294 139.241761
24.108868 147.647659
27.000004 156.000022
1.195043 30.000000 153.000000 67.812554
18
0.093755 8.715544
0.374976 17.427055
0.843533 26.130500
1.499209 34.821852
2.341701 43.497087
3.370618 52.152192
4.585486 60.783159
5.985740 69.385995
7.570734 77.956718
9.339734 86.491362
11.291921 94.985976
13.426391 103.436629
15.742157 111.839411
18.238146 120.190431
20.913205 128.485825
23.766094 136.721755
26.795493 144.894407
30.000000 153.000000
1.224014 33.000000 150.000000 65.185163
18
0.103454 8.598842
0.413756 17.192706
0.930727 25.776617
1.654066 34.345606
2.583356 42.894711
3.718059 51.418984
5.057517 59.913491
6.600955 68.373313
8.347480 76.793552
10.296080 85.169336
12.445628 93.495813
14.794879 101.768166
17.342473 109.981603
20.086935 118.131370
23.026677 126.212751
26.159996 134.221065
29.485079 142.151678
33.000000 149.999996
1.255206 36.000000 147.000000 62.478431
18
0.113266 8.488370
0.452982 16.970696
1.018907 25.440937
1.810637 33.893062
2.827610 42.321053
4.069100 50.718907
5.534224 59.080646
7.221939 67.400314
9.131042 75.671987
11.260175 83.889776
13.607820 92.047828
16.172307 100.140335
18.951809 108.161533
21.944347 116.105712
25.147790 123.967213
28.559857 131.740440
32.178118 139.419857
35.999998 146.999996
1.288755 39.000000 144.000000 59.691862
18
0.123208 8.384432
0.492726 16.761623
1.108234 25.124339
1.969201 33.465359
3.074884 41.777479
4.424327 50.053522
6.016366 58.286339
7.849626 66.468823
9.922522 74.593906
12.233266 82.654572
14.779862 90.643860
17.560110 98.554871
20.571610 106.380773
23.811761 114.114808
27.277766 121.750297
30.966629 129.280646
34.875168 136.699352
39.000005 144.000009
1.324795 42.000000 141.000000 56.825324
18
0.133301 8.287336
0.533067 16.566098
1.198883 24.827721
2.130062 33.063655
3.325638 41.265381
4.784377 49.424413
6.504768 57.532308
8.485031 65.580679
10.723117 73.561198
13.216712 81.465608
15.963234 89.285732
18.959843 97.013477
22.203437 104.640849
25.690661 112.159957
29.417908 119.563020
33.381320 126.842380
37.576797 133.990505
41.999998 140.999998
1.363453 45.000000 138.000000 53.879057
18
0.143567 8.197408
0.574092 16.384761
1.291047 24.552017
2.293553 32.689159
3.580380 40.786207
5.149950 48.833228
7.000336 56.820353
9.129271 64.737786
11.534143 72.575814
14.212002 80.324825
17.159563 87.975315
20.373211 95.517898
23.849005 102.943324
27.582681 110.242486
31.569660 117.406431
35.805051 124.426371
40.283661 131.293697
44.999995 137.999984
1.404850 48.000000 135.000000 50.853747
18
0.154030 8.114977
0.615897 16.218264
1.384936 24.298188
2.460040 32.343108
3.839659 40.341434
5.521807 48.281646
7.504059 56.152304
9.783561 63.942070
12.357028 71.639722
15.220753 79.234171
18.370610 86.714477
21.802063 94.069864
25.510167 101.289735
29.489581 108.363691
33.734573 115.281539
38.239027 122.033315
42.996454 128.609292
48.000000 134.999997
1.449092 51.000000 132.000000 47.750564
18
0.164715 8.040382
0.658584 16.067271
1.480777 24.067200
2.629916 32.026744
4.104072 39.932548
5.900771 47.771344
8.016999 55.529981
10.449204 63.195438
13.193306 70.754855
16.244699 78.195544
19.598264 85.505022
23.248373 92.671023
27.188902 99.681522
31.413237 106.524756
35.914292 113.189242
40.684513 119.663796
45.715895 125.937556
50.999996 131.999993
1.496267 54.000000 129.000000 44.571176
18
0.175651 7.973966
0.702264 15.932463
1.578816 23.860051
2.803608 31.741350
4.374264 39.561070
6.287735 47.304043
8.540310 54.955245
11.127620 62.499833
14.044644 69.923172
17.285724 77.210860
20.844572 84.348758
24.714284 91.323019
28.887352 98.120114
33.355681 104.726855
38.110602 111.130425
43.142890 117.318402
48.442784 123.278782
54.000001 129.000000
1.546435 57.000000 126.000000 41.317820
18
0.186868 7.916080
0.747057 15.814525
1.679318 23.677740
2.981575 31.488206
4.650926 39.228523
6.683653 46.881449
9.075227 54.429934
11.820320 61.857162
14.912816 69.146587
18.345828 76.281969
22.111705 83.247414
26.202060 90.027403
30.607780 96.606832
35.319049 102.971043
40.325373 109.105860
45.615597 114.997614
51.177938 120.633182
57.000003 126.000007
1.599625 60.000000 123.000000 37.993307
18
0.198399 7.867076
0.793092 15.714152
1.782566 23.521277
3.164307 31.268602
4.934800 38.936432
7.089546 46.505271
9.623066 53.955877
12.528918 61.269308
15.799716 68.426971
19.427143 75.410668
23.401978 82.202645
27.714114 88.785633
32.352590 95.142897
37.305611 101.258274
42.560587 107.116216
48.104156 112.701831
53.922226 118.000918
60.000004 123.000004
1.655823 63.000000 120.000000 34.601056
18
0.210278 7.827308
0.840504 15.632036
1.888861 23.391670
3.352325 31.083825
5.226674 38.686311
7.506500 46.177196
10.185228 53.534871
13.255129 60.738112
16.707347 67.766138
20.531925 74.598676
24.717828 81.216015
29.252982 87.599067
34.124303 93.729416
39.317741 99.589380
44.818311 105.162054
50.610148 110.431361
56.676542 115.382101
62.999994 119.999993
1.714963 66.000000 117.000000 31.145086
18
0.222541 7.797130
0.889440 15.568875
1.998525 23.289930
3.546186 30.935158
5.527383 38.479667
7.935666 45.898894
10.763195 53.168684
14.000763 60.265367
17.637830 67.165839
21.662553 73.847632
26.061831 80.288993
30.821338 86.468948
35.925579 92.367379
41.357936 97.965079
47.100723 103.243826
53.135242 108.186432
59.441845 112.776804
65.999999 116.999998
1.776918 69.000000 114.000000 27.630052
18
0.235228 7.776891
0.940051 15.525347
2.111893 23.217040
3.746469 30.823847
5.837803 38.317957
8.378248 45.671969
11.358516 52.858996
14.767711 59.852761
18.593369 66.627692
22.821500 73.159021
27.436648 79.422867
32.421938 85.396328
37.759143 91.057565
43.428750 96.385877
49.410028 101.361786
55.681110 105.967098
62.219067 110.184973
68.999995 113.999993
1.841490 72.000000 111.000000 24.061190
18
0.248378 7.766935
0.992498 15.502131
2.229319 23.173978
3.953786 30.751127
6.158853 38.202613
8.835509 45.497987
11.972815 52.607437
15.557952 59.501910
19.576269 66.153233
24.011346 72.534225
28.845059 78.618811
34.057655 84.382127
39.627833 89.800622
45.532831 94.852152
51.748519 99.516076
58.249498 103.773335
65.009200 107.606531
72.000003 111.000001
1.908403 75.000000 108.000000 20.444338
18
0.262035 7.767597
1.046947 15.499877
2.351169 23.161680
4.168769 30.718171
6.491484 38.134992
9.308752 45.378418
12.607765 52.415516
16.373521 59.214289
20.588898 65.743824
25.234731 71.974431
30.289894 77.877782
35.731403 83.427036
41.534516 88.596959
47.672848 93.364046
54.118488 97.706621
60.842128 101.604939
67.813199 105.041275
75.000002 108.000005
1.977291 78.000000 105.000000 16.785850
18
0.276241 7.779202
1.103571 15.519216
2.477822 23.181052
4.392073 30.726113
6.836680 38.116389
9.799327 45.314654
13.265092 52.284645
17.216514 58.991250
21.633688 65.400686
26.494363 71.480664
31.774053 77.200555
37.446162 82.531547
43.482115 87.446784
49.851508 91.921506
56.522253 95.933171
63.460747 99.461570
70.632037 102.488928
77.999997 104.999996
2.047696 81.000000 102.000000 13.092589
18
0.291041 7.802060
1.162545 15.560754
2.609669 23.232956
4.624369 30.776021
7.195446 38.148023
10.308609 45.307985
13.946556 52.216110
18.089064 58.834000
22.713109 65.124872
27.792987 71.053757
33.300465 76.587702
39.204928 81.695946
45.473559 86.350097
52.071513 90.524285
58.962118 94.195308
66.107073 97.342762
73.466664 99.949153
80.999984 101.999993
2.119067 84.000000 99.000000 9.371796
18
0.306481 7.836468
1.224052 15.625064
2.747107 23.318209
4.866342 30.868905
7.568811 38.231025
10.838005 45.359597
14.653952 52.211072
18.993343 58.743595
23.829667 64.917260
29.133379 70.694352
34.872082 76.039580
41.010716 80.920290
47.511782 85.306667
54.335565 89.171914
61.440381 92.492421
68.782826 95.247901
76.318046 97.421521
84.000009 99.000004
2.190761 87.000000 96.000000 5.631099
18
0.322607 7.882697
1.288272 15.712670
2.890535 23.437549
5.118679 31.005664
7.957801 38.366395
11.388913 45.470511
15.389063 52.270495
19.931498 58.720864
24.985835 64.778477
30.518268 70.402815
36.491793 75.556260
42.866455 80.204342
49.599617 84.315974
56.646245 87.863653
63.959206 90.823652
71.489588 93.176171
79.187021 94.905477
87.000024 96.000002
2.262051 90.000000 93.000000 1.878368
18
0.339467 7.941000
1.355389 15.824059
3.040355 23.591658
5.382071 31.187123
8.363449 38.555033
11.962737 45.641629
16.153673 52.395204
20.905678 58.766481
26.184079 64.708972
31.950362 70.179319
38.162455 75.137607
44.775031 79.547658
51.739842 83.377296
59.006070 86.598576
66.520697 89.187996
74.228893 91.126662
82.074417 92.400428
90.000023 93.000001
0.986670 -3.000000 180.000000 91.909682
18
-0.009260 10.001846
-0.037040 20.003657
-0.083341 30.005400
-0.148161 40.007040
-0.231501 50.008543
-0.333361 60.009875
-0.453739 70.011001
-0.592637 80.011886
-0.750052 90.012497
-0.925985 100.012800
-1.120435 110.012760
-1.333402 120.012342
-1.564884 130.011513
-1.814881 140.010238
-2.083392 150.008483
-2.370416 160.006214
-2.675953 170.003396
-3.000000 179.999995
0.972453 -6.000000 177.000000 93.882973
18
-0.018526 9.840841
-0.074102 19.681542
-0.166729 29.521964
-0.296404 39.361968
-0.463127 49.201414
-0.666893 59.040162
-0.907702 68.878074
-1.185549 78.715009
-1.500431 88.550828
-1.852342 98.385392
-2.241278 108.218562
-2.667234 118.050197
-3.130203 127.880159
-3.630178 137.708308
-4.167154 147.534505
-4.741121 157.358611
-5.352073 167.180485
-6.000000 176.999991
0.957308 -9.000000 174.000000 95.921872
18
-0.027802 9.683845
-0.111209 19.367372
-0.250216 29.050259
-0.444821 38.732189
-0.695015 48.412842
-1.000792 58.091898
-1.362140 67.769039
-1.779048 77.443946
-2.251503 87.116299
-2.779488 96.785780
-3.362986 106.452071
-4.001979 116.114851
-4.696444 125.773803
-5.446360 135.428608
-6.251700 145.078948
-7.112440 154.724505
-8.028550 164.364960
-9.000000 173.999996
0.941194 -12.000000 171.000000 98.028352
18
-0.037098 9.531063
-0.148388 19.061549
-0.333864 28.590880
-0.593515 38.118478
-0.927325 47.643766
-1.335274 57.166167
-1.817338 66.685103
-2.373486 76.199999
-3.003685 85.710278
-3.707897 95.215362
-4.486080 104.714676
-5.338186 114.207645
-6.264163 123.693693
-7.263956 133.172246
-8.337503 142.642728
-9.484741 152.104567
-10.705598 161.557188
-12.000002 171.000020
0.924075 -15.000000 168.000000 100.204331
18
-0.046418 9.382705
-0.185669 18.764491
-0.417739 28.144441
-0.742605 37.521635
-1.160235 46.895156
-1.670588 56.264086
-2.273615 65.627507
-2.969257 74.984504
-3.757444 84.334161
-4.638101 93.675560
-5.611141 103.007789
-6.676468 112.329934
-7.833979 121.641082
-9.083559 130.940321
-10.425088 140.226742
-11.858433 149.499434
-13.383453 158.757491
-15.000001 168.000006
0.905913 -18.000000 165.000000 102.451658
18
-0.055774 9.238997
-0.223088 18.476647
-0.501918 27.711604
-0.892222 36.942522
-1.393945 46.168054
-2.007012 55.386857
-2.731335 64.597586
-3.566808 73.798899
-4.513309 82.989455
-5.570700 92.167914
-6.738828 101.332937
-8.017521 110.483190
-9.406593 119.617337
-10.905843 128.734049
-12.515051 137.831995
-14.233982 146.909850
-16.062387 155.966290
-17.999999 164.999996
0.886678 -21.000000 162.000000 104.772086
18
-0.065174 9.100175
-0.260682 18.198483
-0.586485 27.293058
-1.042515 36.382033
-1.628680 45.463545
-2.344858 54.535728
-3.190902 63.596724
-4.166640 72.644672
-5.271871 81.677717
-6.506368 90.694005
-7.869879 99.691687
-9.362122 108.668916
-10.982793 117.623851
-12.731558 126.554655
-14.608060 135.459495
-16.611912 144.336545
-18.742704 153.183983
-20.999998 161.999994
0.866342 -24.000000 159.000000 107.167242
18
-0.074629 8.966485
-0.298495 17.930485
-0.671537 26.889517
-1.193651 35.841099
-1.864691 44.782750
-2.684473 53.711993
-3.652770 62.626353
-4.769312 71.523361
-6.033791 80.400551
-7.445856 89.255464
-9.005116 98.085647
-10.711138 106.888653
-12.563451 115.662042
-14.561541 124.403383
-16.704854 133.110256
-18.992797 141.780246
-21.424735 150.410952
-23.999995 158.999984
0.844883 -27.000000 156.000000 109.638602
18
-0.084151 8.838187
-0.336575 17.673169
-0.757180 26.501743
-1.345813 35.320708
-2.102262 44.126866
-3.026250 52.917024
-4.117445 61.687995
-5.375450 70.436597
-6.799808 79.159660
-8.390004 87.854021
-10.145460 96.516526
-12.065541 105.144036
-14.149550 113.733420
-16.396732 122.281567
-18.806271 130.785375
-21.377294 139.241761
-24.108868 147.647659
-27.000004 156.000022
0.822288 -30.000000 153.000000 112.187446
18
-0.093755 8.715544
-0.374976 17.427055
-0.843533 26.130500
-1.499209 34.821852
-2.341701 43.497087
-3.370618 52.152192
-4.585486 60.783159
-5.985740 69.385995
-7.570734 77.956718
-9.339734 86.491362
-11.291921 94.985976
-13.426391 103.436629
-15.742157 111.839411
-18.238146 120.190431
-20.913205 128.485825
-23.766094 136.721755
-26.795493 144.894407
-30.000000 153.000000
0.798550 -33.000000 150.000000 114.814837
18
-0.103454 8.598842
-0.413756 17.192706
-0.930727 25.776617
-1.654066 34.345606
-2.583356 42.894711
-3.718059 51.418984
-5.057517 59.913491
-6.600955 68.373313
-8.347480 76.793552
-10.296080 85.169336
-12.445628 93.495813
-14.794879 101.768166
-17.342473 109.981603
-20.086935 118.131370
-23.026677 126.212751
-26.159996 134.221065
-29.485079 142.151678
-33.000000 149.999996
0.773674 -36.000000 147.000000 117.521569
18
-0.113266 8.488370
-0.452982 16.970696
-1.018907 25.440937
-1.810637 33.893062
-2.827610 42.321053
-4.069100 50.718907
-5.534224 59.080646
-7.221939 67.400314
-9.131042 75.671987
-11.260175 83.889776
-13.607820 92.047828
-16.172307 100.140335
-18.951809 108.161533
-21.944347 116.105712
-25.147790 123.967213
-28.559857 131.740440
-32.178118 139.419857
-35.999998 146.999996
0.747675 -39.000000 144.000000 120.308138
18
-0.123208 8.384432
-0.492726 16.761623
-1.108234 25.124339
-1.969201 33.465359
-3.074884 41.777479
-4.424327 50.053522
-6.016366 58.286339
-7.849626 66.468823
-9.922522 74.593906
-12.233266 82.654572
-14.779862 90.643860
-17.560110 98.554871
-20.571610 106.380773
-23.811761 114.114808
-27.277766 121.750297
-30.966629 129.280646
-34.875168 136.699352
-39.000005 144.000009
0.720582 -42.000000 141.000000 123.174676
18
-0.133301 8.287336
-0.533067 16.566098
-1.198883 24.827721
-2.130062 33.063655
-3.325638 41.265381
-4.784377 49.424413
-6.504768 57.532308
-8.485031 65.580679
-10.723117 73.561198
-13.216712 81.465608
-15.963234 89.285732
-18.959843 97.013477
-22.203437 104.640849
-25.690661 112.159957
-29.417908 119.563020
-33.381320 126.842380
-37.576797 133.990505
-41.999998 140.999998
0.692439 -45.000000 138.000000 126.120943
18
-0.143567 8.197408
-0.574092 16.384761
-1.291047 24.552017
-2.293553 32.689159
-3.580380 40.786207
-5.149950 48.833228
-7.000336 56.820353
-9.129271 64.737786
-11.534143 72.575814
-14.212002 80.324825
-17.159563 87.975315
-20.373211 95.517898
-23.849005 102.943324
-27.582681 110.242486
-31.569660 117.406431
-35.805051 124.426371
-40.283661 131.293697
-44.999995 137.999984
0.663306 -48.000000 135.000000 129.146253
18
-0.154030 8.114977
-0.615897 16.218264
-1.384936 24.298188
-2.460040 32.343108
-3.839659 40.341434
-5.521807 48.281646
-7.504059 56.152304
-9.783561 63.942070
-12.357028 71.639722
-15.220753 79.234171
-18.370610 86.714477
-21.802063 94.069864
-25.510167 101.289735
-29.489581 108.363691
-33.734573 115.281539
-38.239027 122.033315
-42.996454 128.609292
-48.000000 134.999997
0.633258 -51.000000 132.000000 132.249436
18
-0.164715 8.040382
-0.658584 16.067271
-1.480777 24.067200
-2.629916 32.026744
-4.104072 39.932548
-5.900771 47.771344
-8.016999 55.529981
-10.449204 63.195438
-13.193306 70.754855
-16.244699 78.195544
-19.598264 85.505022
-23.248373 92.671023
-27.188902 99.681522
-31.413237 106.524756
-35.914292 113.189242
-40.684513 119.663796
-45.715895 125.937556
-50.999996 131.999993
0.602393 -54.000000 129.000000 135.428824
18
-0.175651 7.973966
-0.702264 15.932463
-1.578816 23.860051
-2.803608 31.741350
-4.374264 39.561070
-6.287735 47.304043
-8.540310 54.955245
-11.127620 62.499833
-14.044644 69.923172
-17.285724 77.210860
-20.844572 84.348758
-24.714284 91.323019
-28.887352 98.120114
-33.355681 104.726855
-38.110602 111.130425
-43.142890 117.318402
-48.442784 123.278782
-54.000001 129.000000
0.570824 -57.000000 126.000000 138.682180
18
-0.186868 7.916080
-0.747057 15.814525
-1.679318 23.677740
-2.981575 31.488206
-4.650926 39.228523
-6.683653 46.881449
-9.075227 54.429934
-11.820320 61.857162
-14.912816 69.146587
-18.345828 76.281969
-22.111705 83.247414
-26.202060 90.027403
-30.607780 96.606832
-35.319049 102.971043
-40.325373 109.105860
-45.615597 114.997614
-51.177938 120.633182
-57.000003 126.000007
0.538683 -60.000000 123.000000 142.006693
18
-0.198399 7.867076
-0.793092 15.714152
-1.782566 23.521277
-3.164307 31.268602
-4.934800 38.936432
-7.089546 46.505271
-9.623066 53.955877
-12.528918 61.269308
-15.799716 68.426971
-19.427143 75.410668
-23.401978 82.202645
-27.714114 88.785633
-32.352590 95.142897
-37.305611 101.258274
-42.560587 107.116216
-48.104156 112.701831
-53.922226 118.000918
-60.000004 123.000004
0.506124 -63.000000 120.000000 145.398944
18
-0.210278 7.827308
-0.840504 15.632036
-1.888861 23.391670
-3.352325 31.083825
-5.226674 38.686311
-7.506500 46.177196
-10.185228 53.534871
-13.255129 60.738112
-16.707347 67.766138
-20.531925 74.598676
-24.717828 81.216015
-29.252982 87.599067
-34.124303 93.729416
-39.317741 99.589380
-44.818311 105.162054
-50.610148 110.431361
-56.676542 115.382101
-62.999994 119.999993
0.473317 -66.000000 117.000000 148.854914
18
-0.222541 7.797130
-0.889440 15.568875
-1.998525 23.289930
-3.546186 30.935158
-5.527383 38.479667
-7.935666 45.898894
-10.763195 53.168684
-14.000763 60.265367
-17.637830 67.165839
-21.662553 73.847632
-26.061831 80.288993
-30.821338 86.468948
-35.925579 92.367379
-41.357936 97.965079
-47.100723 103.243826
-53.135242 108.186432
-59.441845 112.776804
-65.999999 116.999998
0.440446 -69.000000 114.000000 152.369948
18
-0.235228 7.776891
-0.940051 15.525347
-2.111893 23.217040
-3.746469 30.823847
-5.837803 38.317957
-8.378248 45.671969
-11.358516 52.858996
-14.767711 59.852761
-18.593369 66.627692
-22.821500 73.159021
-27.436648 79.422867
-32.421938 85.396328
-37.759143 91.057565
-43.428750 96.385877
-49.410028 101.361786
-55.681110 105.967098
-62.219067 110.184973
-68.999995 113.999993
0.407712 -72.000000 111.000000 155.938810
18
-0.248378 7.766935
-0.992498 15.502131
-2.229319 23.173978
-3.953786 30.751127
-6.158853 38.202613
-8.835509 45.497987
-11.972815 52.607437
-15.557952 59.501910
-19.576269 66.153233
-24.011346 72.534225
-28.845059 78.618811
-34.057655 84.382127
-39.627833 89.800622
-45.532831 94.852152
-51.748519 99.516076
-58.249498 103.773335
-65.009200 107.606531
-72.000003 111.000001
0.375325 -75.000000 108.000000 159.555662
18
-0.262035 7.767597
-1.046947 15.499877
-2.351169 23.161680
-4.168769 30.718171
-6.491484 38.134992
-9.308752 45.378418
-12.607765 52.415516
-16.373521 59.214289
-20.588898 65.743824
-25.234731 71.974431
-30.289894 77.877782
-35.731403 83.427036
-41.534516 88.596959
-47.672848 93.364046
-54.118488 97.706621
-60.842128 101.604939
-67.813199 105.041275
-75.000002 108.000005
0.343503 -78.000000 105.000000 163.214150
18
-0.276241 7.779202
-1.103571 15.519216
-2.477822 23.181052
-4.392073 30.726113
-6.836680 38.116389
-9.799327 45.314654
-13.265092 52.284645
-17.216514 58.991250
-21.633688 65.400686
-26.494363 71.480664
-31.774053 77.200555
-37.446162 82.531547
-43.482115 87.446784
-49.851508 91.921506
-56.522253 95.933171
-63.460747 99.461570
-70.632037 102.488928
-77.999997 104.999996
0.312467 -81.000000 102.000000 166.907411
18
-0.291041 7.802060
-1.162545 15.560754
-2.609669 23.232956
-4.624369 30.776021
-7.195446 38.148023
-10.308609 45.307985
-13.946556 52.216110
-18.089064 58.834000
-22.713109 65.124872
-27.792987 71.053757
-33.300465 76.587702
-39.204928 81.695946
-45.473559 86.350097
-52.071513 90.524285
-58.962118 94.195308
-66.107073 97.342762
-73.466664 99.949153
-80.999984 101.999993
0.282435 -84.000000 99.000000 170.628204
18
-0.306481 7.836468
-1.224052 15.625064
-2.747107 23.318209
-4.866342 30.868905
-7.568811 38.231025
-10.838005 45.359597
-14.653952 52.211072
-18.993343 58.743595
-23.829667 64.917260
-29.133379 70.694352
-34.872082 76.039580
-41.010716 80.920290
-47.511782 85.306667
-54.335565 89.171914
-61.440381 92.492421
-68.782826 95.247901
-76.318046 97.421521
-84.000009 99.000004
0.253619 -87.000000 96.000000 174.368901
18
-0.322607 7.882697
-1.288272 15.712670
-2.890535 23.437549
-5.118679 31.005664
-7.957801 38.366395
-11.388913 45.470511
-15.389063 52.270495
-19.931498 58.720864
-24.985835 64.778477
-30.518268 70.402815
-36.491793 75.556260
-42.866455 80.204342
-49.599617 84.315974
-56.646245 87.863653
-63.959206 90.823652
-71.489588 93.176171
-79.187021 94.905477
-87.000024 96.000002
0.226222 -90.000000 93.000000 178.121632
18
-0.339467 7.941000
-1.355389 15.824059
-3.040355 23.591658
-5.382071 31.187123
-8.363449 38.555033
-11.962737 45.641629
-16.153673 52.395204
-20.905678 58.766481
-26.184079 64.708972
-31.950362 70.179319
-38.162455 75.137607
-44.775031 79.547658
-51.739842 83.377296
-59.006070 86.598576
-66.520697 89.187996
-74.228893 91.126662
-82.074417 92.400428
-90.000023 93.000001
1.000000 0.000000 180.000000 90.000000
18
0.000000 10.000000
0.000000 20.000000
0.000000 30.000000
0.000000 40.000000
0.000000 50.000000
0.000000 60.000000
0.000000 70.000000
0.000000 80.000000
0.000000 90.000000
0.000000 100.000000
0.000000 110.000000
0.000000 120.000000
0.000000 130.000000
0.000000 140.000000
0.000000 150.000000
0.000000 160.000000
0.000000 170.000000
0.000000 180.000000
1.008030 5.000000 300.000000 88.090318
30
0.005556 10.001850
0.022224 20.003688
0.050005 30.005500
0.088897 40.007276
0.138901 50.009003
0.200018 60.010668
0.272246 70.012259
0.355586 80.013763
0.450038 90.015169
0.555601 100.016464
0.672276 110.017634
0.800062 120.018670
0.938960 130.019557
1.088968 140.020283
1.250087 150.020837
1.422316 160.021205
1.605656 170.021376
1.800107 180.021338
2.005667 190.021076
2.222337 200.020581
2.450116 210.019839
2.689004 220.018837
2.939001 230.017563
3.200107 240.016006
3.472321 250.014153
3.755642 260.011991
4.050071 270.009508
4.355608 280.006691
4.672251 290.003529
5.000000 300.000010
1.016666 10.000000 295.000000 86.117027
30
0.011115 9.840857
0.044461 19.681663
0.100038 29.522369
0.177845 39.362924
0.277881 49.203279
0.400147 59.043382
0.544642 68.883184
0.711364 78.722635
0.900314 88.561683
1.111489 98.400280
1.344890 108.238375
1.600515 118.075918
1.878362 127.912858
2.178430 137.749145
2.500718 147.584729
2.845224 157.419560
3.211946 167.253587
3.600882 177.086762
4.012031 186.919032
4.445390 196.750349
4.900957 206.580661
5.378730 216.409920
5.878706 226.238074
6.400882 236.065073
6.945257 245.890868
7.511827 255.715408
8.100589 265.538643
8.711541 275.360522
9.344679 285.180997
10.000001 295.000016
1.025948 15.000000 290.000000 84.078128
30
0.016681 9.683879
0.066726 19.367644
0.150132 29.051179
0.266900 38.734369
0.417027 48.417099
0.600513 58.099254
0.817354 67.780720
1.067549 77.461382
1.351094 87.141124
1.667986 96.819831
2.018221 106.497390
2.401795 116.173684
2.818704 125.848600
3.268942 135.522021
3.752505 145.193834
4.269386 154.863924
4.819579 164.532176
5.403078 174.198475
6.019875 183.862705
6.669965 193.524754
7.353338 203.184506
8.069987 212.841846
8.819903 222.496659
9.603077 232.148832
10.419501 241.798250
11.269163 251.444797
12.152055 261.088360
13.068166 270.728824
14.017484 280.366074
14.999999 289.999997
1.035917 20.000000 285.000000 81.971648
30
0.022259 9.531125
0.089034 19.062042
0.200324 28.592543
0.356128 38.122421
0.556440 47.651466
0.801258 57.179473
1.090575 66.706232
1.424386 76.231536
1.802683 85.755177
2.225458 95.276947
2.692701 104.796638
3.204403 114.314043
3.760552 123.828955
4.361136 133.341165
5.006142 142.850466
5.695556 152.356651
6.429363 161.859512
7.207547 171.358842
8.030090 180.854434
8.896976 190.346080
9.808185 199.833574
10.763697 209.316709
11.763491 218.795277
12.807546 228.269072
13.895839 237.737887
15.028346 247.201516
16.205042 256.659752
17.425902 266.112389
18.690898 275.559220
20.000004 285.000040
1.046617 25.000000 280.000000 79.795669
30
0.027851 9.382802
0.111404 18.765274
0.250655 28.147085
0.445600 37.527903
0.696232 46.907399
1.002541 56.285242
1.364518 65.661101
1.782149 75.034646
2.255420 84.405546
2.784314 93.773472
3.368812 103.138093
4.008894 112.499078
4.704537 121.856099
5.455717 131.208825
6.262407 140.556927
7.124579 149.900075
8.042202 159.237941
9.015244 168.570194
10.043671 177.896506
11.127446 187.216548
12.266532 196.529992
13.460888 205.836509
14.710472 215.135773
16.015240 224.427454
17.375145 233.711225
18.790142 242.986760
20.260178 252.253731
21.785203 261.511811
23.365162 270.760675
25.000000 279.999997
1.058092 30.000000 275.000000 77.548342
30
0.033465 9.239141
0.133857 18.477797
0.301172 27.715483
0.535400 36.951715
0.836529 46.186007
1.204544 55.417876
1.639426 64.646837
2.141150 73.872405
2.709691 83.094097
3.345020 92.311428
4.047103 101.523916
4.815902 110.731075
5.651378 119.932424
6.553487 129.127479
7.522182 138.315758
8.557411 147.496778
9.659120 156.670058
10.827252 165.835117
12.061745 174.991474
13.362535 184.138648
14.729553 193.276158
16.162727 202.403527
17.661982 211.520273
19.227240 220.625920
20.858418 229.719989
22.555431 238.802004
24.318190 247.871487
26.146602 256.927962
28.040571 265.970954
29.999998 274.999990
1.070386 35.000000 270.000000 75.227914
30
0.039105 9.100374
0.156416 18.200077
0.351926 27.298435
0.625619 36.394777
0.977475 45.488431
1.407469 54.578725
1.915568 63.664989
2.501736 72.746550
3.165928 81.822738
3.908096 90.892883
4.728185 99.956315
5.626134 109.012364
6.601878 118.060362
7.655343 127.099640
8.786452 136.129531
9.995122 145.149369
11.281264 154.158485
12.644782 163.156216
14.085575 172.141897
15.603538 181.114864
17.198558 190.074454
18.870517 199.020007
20.619292 207.950859
22.444753 216.866354
24.346767 225.765831
26.325192 234.648633
28.379882 243.514105
30.510685 252.361592
32.717445 261.190440
34.999998 269.999997
1.083545 40.000000 265.000000 72.832758
30
0.044778 8.966750
0.179108 17.932606
0.402976 26.896672
0.716360 35.858056
1.119228 44.815863
1.611541 53.769200
2.193250 62.717173
2.864296 71.658890
3.624612 80.593460
4.474123 89.519990
5.412743 98.437591
6.440380 107.345372
7.556931 116.242446
8.762284 125.127925
10.056318 134.000923
11.438906 142.860554
12.909910 151.705935
14.469181 160.536184
16.116565 169.350418
17.851898 178.147761
19.675006 186.927333
21.585708 195.688260
23.583813 204.429666
25.669121 213.150681
27.841425 221.850434
30.100509 230.528058
32.446145 239.182686
34.878101 247.813457
37.396135 256.419508
39.999994 264.999982
1.097612 45.000000 260.000000 70.361398
30
0.050492 8.838527
0.201961 17.675901
0.454387 26.510968
0.807738 35.342573
1.261967 44.169566
1.817015 52.990792
2.472809 61.805102
3.229265 70.611344
4.086282 79.408368
5.043750 88.195027
6.101543 96.970173
7.259524 105.732661
8.517541 114.481347
9.875429 123.215089
11.333012 131.932748
12.890099 140.633184
14.546488 149.315263
16.301961 157.977851
18.156290 166.619818
20.109233 175.240034
22.160535 183.837376
24.309927 192.410720
26.557130 200.958948
28.901850 209.480943
31.343781 217.975594
33.882604 226.441791
36.517988 234.878430
39.249589 243.284408
42.077050 251.658629
45.000002 260.000000
1.112632 50.000000 255.000000 67.812554
30
0.056254 8.715975
0.225008 17.430497
0.506232 26.142116
0.899881 34.849378
1.405888 43.550834
2.024169 52.245034
2.754622 60.930528
3.597124 69.605871
4.551536 78.269616
5.617697 86.920320
6.795432 95.556541
8.084542 104.176841
9.484814 112.779784
10.996014 121.363935
12.617891 129.927865
14.350173 138.470146
16.192573 146.989357
18.144784 155.484076
20.206480 163.952889
22.377318 172.394384
24.656936 180.807155
27.044954 189.189801
29.540975 197.540924
32.144581 205.859134
34.855341 214.143044
37.672802 222.391273
40.596494 230.602449
43.625930 238.775202
46.760607 246.908171
50.000000 255.000001
1.128645 55.000000 250.000000 65.185163
30
0.062074 8.599373
0.248284 17.196954
0.558591 25.790951
0.992930 34.379572
1.551211 42.961029
2.233317 51.533532
3.039106 60.095295
3.968411 68.644532
5.021037 77.179464
6.196765 85.698310
7.495350 94.199295
8.916522 102.680648
10.459984 111.140600
12.125414 119.577390
13.912467 127.989257
15.820768 136.374450
17.849920 144.731221
19.999501 153.057827
22.269063 161.352534
24.658131 169.613613
27.166210 177.839342
29.792775 186.028007
32.537280 194.177900
35.399151 202.287324
38.377794 210.354589
41.472587 218.378013
44.682885 226.355924
48.008019 234.286659
51.447296 242.168565
55.000000 249.999999
1.145688 60.000000 245.000000 62.478431
30
0.067962 8.489015
0.271830 16.975854
0.611553 25.458340
1.087043 33.934301
1.698178 42.401561
2.444802 50.857952
3.326722 59.301305
4.343714 67.729455
5.495517 76.140243
6.781834 84.531511
8.202337 92.901108
9.756660 101.246890
11.444407 109.566716
13.265144 117.858454
15.218403 126.119977
17.303686 134.349168
19.520456 142.543918
21.868146 150.702125
24.346154 158.821698
26.953845 166.900556
29.690549 174.936627
32.555566 182.927851
35.548161 190.872181
38.667566 198.767578
41.912983 206.612019
45.283579 214.403494
48.778490 222.140004
52.396820 229.819567
56.137642 237.440213
59.999996 244.999989
1.163794 65.000000 240.000000 59.691862
30
0.073928 8.385204
0.295690 16.767801
0.665216 25.145185
1.182392 33.514752
1.847057 41.873899
2.659004 50.220027
3.617980 58.550541
4.723688 66.862853
5.975785 75.154377
7.373879 83.422535
8.917538 91.664758
10.606280 99.878482
12.439582 108.061154
14.416872 116.210230
16.537537 124.323176
18.800917 132.397470
21.206308 140.430602
23.752962 148.420074
26.440088 156.363403
29.266851 164.258118
32.232370 172.101766
35.335725 179.891907
38.575951 187.626120
41.952040 195.302000
45.462943 202.917161
49.107567 210.469235
52.884781 217.955875
56.793409 225.374752
60.832237 232.723561
65.000008 240.000016
1.182990 70.000000 235.000000 56.825324
30
0.079985 8.288251
0.319911 16.573415
0.719687 24.852405
1.279166 33.122139
1.998139 41.379534
2.876337 49.621517
3.913435 57.845015
5.109044 66.046967
6.462721 74.224318
7.973961 82.374021
9.642201 90.493041
11.466820 98.578353
13.447138 106.626945
15.582417 114.635821
17.871862 122.601996
20.314620 130.522503
22.909781 138.394393
25.656379 146.214732
28.553391 153.980608
31.599737 161.689128
34.794283 169.337421
38.135838 176.922637
41.623159 184.441952
45.254946 191.892565
49.029846 199.271700
52.946453 206.576608
57.003309 213.804570
61.198902 220.952891
65.531669 228.018911
69.999996 234.999996
1.203294 75.000000 230.000000 53.879057
30
0.086146 8.198480
0.344546 16.393341
0.775085 24.580962
1.377574 32.757728
2.151746 40.920029
3.097260 49.064261
4.213697 57.186826
5.500566 65.284138
6.957298 73.352622
8.583249 81.388715
10.377702 89.388867
12.339864 97.349547
14.468869 105.267239
16.763776 113.138446
19.223572 120.959693
21.847172 128.727526
24.633415 136.438515
27.581073 144.089255
30.688843 151.676367
33.955353 159.196501
37.379160 166.646336
40.958754 174.022583
44.692552 181.321983
48.578907 188.541315
52.616101 195.677390
56.802354 202.727056
61.135814 209.687202
65.614570 216.554752
70.236644 223.326675
74.999993 229.999981
1.224715 80.000000 225.000000 50.853747
30
0.092425 8.116225
0.369652 16.228240
0.831537 24.331839
1.477840 32.422818
2.308228 40.496982
3.322267 48.550141
4.519434 56.578120
5.899106 64.576754
7.460569 72.541896
9.203012 80.469414
11.125532 88.355197
13.227132 96.195155
15.506721 103.985220
17.963117 111.721354
20.595047 119.399544
23.401145 127.015807
26.379956 134.566194
29.529935 142.046788
32.849448 149.453710
36.336774 156.783117
39.990103 164.031209
43.807542 171.194227
47.787109 178.268454
51.926742 185.250222
56.224293 192.135911
60.677532 198.921948
65.284152 205.604815
70.041762 212.181045
74.947894 218.647228
80.000005 225.000009
1.247248 85.000000 220.000000 47.750564
30
0.098838 8.041821
0.395292 16.078784
0.889183 24.106033
1.580212 32.118719
2.467962 40.112001
3.551897 48.081050
4.831362 56.021052
6.305584 63.927210
7.973672 71.794747
9.834619 79.618911
11.887300 87.394974
14.130475 95.118239
16.562790 102.784040
19.182774 110.387746
21.988845 117.924763
24.979307 125.390538
28.152354 132.780560
31.506069 140.090365
35.038426 147.315537
38.747291 154.451711
42.630423 161.494576
46.685476 168.439877
50.910001 175.283417
55.301445 182.021064
59.857155 188.648745
64.574380 195.162458
69.450269 201.558267
74.481876 207.832308
79.666162 213.980790
84.999995 220.000000
1.270875 90.000000 215.000000 44.571176
30
0.105402 7.975617
0.421533 15.945663
0.948173 23.904571
1.684953 31.846783
2.631361 39.766751
3.786733 47.658942
5.150263 55.517845
6.721000 63.337970
8.497845 71.113855
10.479558 78.840070
12.664754 86.511216
15.051908 94.121937
17.639351 101.666916
20.425277 109.140883
23.407740 116.538618
26.584656 123.854955
29.953807 131.084781
33.512838 138.223049
37.259266 145.264771
41.190471 152.205030
45.303710 159.038977
49.596108 165.761841
54.064667 172.368924
58.706268 178.855611
63.517667 185.217373
68.495503 191.449765
73.636301 197.548435
78.936469 203.509123
84.392305 209.327665
89.999998 214.999996
1.295560 95.000000 210.000000 41.317820
30
0.112134 7.917962
0.448447 15.829573
1.008669 23.728487
1.792351 31.608369
2.798864 39.462898
4.027400 47.285774
5.476975 55.070723
7.146425 62.811500
9.034412 70.501896
11.139421 78.135744
13.459764 85.706919
15.993579 93.209350
18.738835 100.637019
21.693330 107.983968
24.854693 115.244304
28.220389 122.412204
31.787718 129.481917
35.553819 136.447776
39.515672 143.304190
43.670098 150.045661
48.013765 156.666783
52.543190 163.162243
57.254738 169.526833
62.144633 175.755447
67.208950 181.843089
72.443628 187.784876
77.844469 193.576043
83.407139 199.211945
89.127179 204.688061
95.000000 209.999998
1.321249 100.000000 205.000000 37.993307
30
0.119056 7.869211
0.476113 15.731218
1.070846 23.578825
1.902710 31.404850
2.970943 39.202127
4.274568 46.963519
5.812391 54.681923
7.583005 62.350272
9.584789 69.961547
11.815910 77.508782
14.274326 84.985067
16.957787 92.383559
19.863836 99.697486
22.989814 106.920152
26.332858 114.044947
29.889910 121.065348
33.657712 127.974930
37.632816 134.767367
41.811583 141.436441
46.190188 147.976049
50.764623 154.380203
55.530701 160.643043
60.484058 166.758833
65.620161 172.721978
70.934308 178.527018
76.421635 184.168639
82.077119 189.641678
87.895583 194.941124
93.871700 200.062126
100.000002 204.999997
1.347866 105.000000 200.000000 34.601056
30
0.126186 7.829719
0.504613 15.651305
1.134888 23.456635
2.016357 31.237601
3.148103 38.986122
4.528951 46.694148
6.157468 54.353676
8.031961 61.956747
10.150483 69.495466
12.510835 76.962002
15.110564 84.348600
17.946971 91.647587
21.017108 98.851383
24.317788 105.952505
27.845581 112.943577
31.596825 119.817338
35.567622 126.566648
39.753848 133.184497
44.151155 139.664012
48.754975 145.998462
53.560527 152.181267
58.562820 158.206007
63.756657 164.066422
69.136645 169.756427
74.697194 175.270111
80.432529 180.601747
86.336694 185.745797
92.403555 190.696918
98.626813 195.449969
105.000001 200.000012
1.375311 110.000000 195.000000 31.145086
30
0.133548 7.799840
0.534035 15.590536
1.200992 23.362956
2.133636 31.107987
3.330875 38.816551
4.791306 46.479611
6.513215 54.088183
8.494584 61.633348
10.733091 69.106261
13.226111 76.498161
15.970723 83.800383
18.963708 91.004367
22.201557 98.101667
25.680476 105.083964
29.396385 111.943072
33.344929 118.670950
37.521479 125.259711
41.921139 131.701631
46.538750 137.989159
51.368900 144.114923
56.405927 150.071743
61.643926 155.852635
67.076755 161.450822
72.698047 166.859742
78.501211 172.073054
84.479445 177.084647
90.625740 181.888644
96.932891 186.479416
103.393505 190.851580
110.000007 195.000010
1.403460 115.000000 190.000000 27.630052
30
0.141164 7.779926
0.564471 15.549609
1.269363 23.298822
2.254912 31.017362
3.519822 38.695068
5.062426 46.321833
6.880693 53.887616
8.972231 61.382457
11.334286 68.796489
13.963747 76.119951
16.857154 83.343203
20.010697 90.456735
23.420225 97.451182
27.081248 104.317336
30.988948 111.046159
35.138181 117.628790
39.523483 124.056565
44.139081 130.321022
48.978899 136.413914
54.036566 142.327219
59.305423 148.053152
64.778534 153.584176
70.448693 158.913009
76.308436 164.032636
82.350049 168.936317
88.565578 173.617595
94.946840 178.070310
101.485435 182.288597
108.172754 186.266905
114.999994 189.999995
1.432162 120.000000 185.000000 24.061190
30
0.149059 7.770324
0.596019 15.529214
1.340220 23.265253
2.380567 30.967060
3.715532 38.623300
5.343147 46.222709
7.261020 53.754104
9.466328 61.206403
11.955825 68.568642
14.725849 75.829985
17.772324 82.979750
21.090767 90.007415
24.676295 96.902641
28.523633 103.655280
32.627119 110.255397
36.980716 116.693281
41.578016 122.959458
46.412256 129.044708
51.476323 134.940077
56.762764 140.636891
62.263802 146.126766
67.971341 151.401626
73.876984 156.453707
79.972040 161.275577
86.247542 165.860141
92.694255 170.200652
99.302693 174.290725
106.063133 178.124339
112.965627 181.695855
120.000018 185.000017
1.461243 125.000000 180.000000 20.444338
30
0.157259 7.771367
0.628778 15.530011
1.413786 23.263227
2.510997 30.958356
3.918614 38.602798
5.634334 46.184037
7.655346 53.689660
9.978343 61.107380
12.599520 68.425052
15.514586 75.630692
18.718769 82.712507
22.206822 89.658899
25.973035 96.458495
30.011241 103.100165
34.314829 109.573032
38.876752 115.866500
43.689542 121.970264
48.745318 127.874331
54.035803 133.569034
59.552335 139.045050
65.285883 144.293413
71.227058 149.305530
77.366134 154.073195
83.693059 158.588601
90.197474 162.844357
96.868731 166.833494
103.695906 170.549480
110.667822 173.986233
117.773063 177.138125
124.999997 179.999996
1.490502 130.000000 175.000000 16.785850
30
0.165789 7.783386
0.662855 15.552653
1.490296 23.293708
2.646612 30.992509
4.129704 38.635088
5.936883 46.207584
8.064870 53.696260
10.509805 61.087530
13.267254 68.367988
16.332213 75.524427
19.699123 82.543865
23.361878 89.413568
27.313831 96.121075
31.547815 102.654219
36.056149 109.001148
40.830655 115.150349
45.862672 121.090668
51.143072 126.811329
56.662277 132.301955
62.410274 137.552585
68.376637 142.553695
74.550542 147.296214
80.920791 151.771537
87.475827 155.971548
94.203761 159.888626
101.092387 163.515667
108.129209 166.846091
115.301463 169.873856
122.596138 172.593471
130.000002 175.000002
1.519717 135.000000 170.000000 13.092589
30
0.174676 7.806691
0.698355 15.597756
1.569989 23.357602
2.787832 31.070694
4.349448 38.721596
6.251711 46.294992
8.490812 53.775725
11.062271 61.148820
13.960940 68.399521
17.181017 75.513313
20.716057 82.475958
24.558985 89.273520
28.702108 95.892392
33.137133 102.319327
37.855183 108.541460
42.846816 114.546337
48.102038 120.321938
53.610333 125.856704
59.360674 131.139555
65.341551 136.159919
71.540993 140.907745
77.946592 145.373532
84.545525 149.548339
91.324585 153.423811
98.270203 156.992190
105.368476 160.246336
112.605196 163.179733
119.965879 165.786510
127.435791 168.061449
134.999981 169.999998
1.548646 140.000000 165.000000 9.371796
30
0.183949 7.841581
0.735390 15.665910
1.653110 23.455776
2.935090 31.194041
4.578511 38.863682
6.579757 46.447826
8.934424 53.929788
11.637334 61.293109
14.682540 68.521591
18.063342 75.599330
21.772303 82.510758
25.801264 89.240668
30.141362 95.774256
34.783048 102.097149
39.716112 108.195436
44.929700 114.055702
50.412344 119.665055
56.151982 125.011154
62.135987 130.082239
68.351195 134.867154
74.783933 139.355372
81.420050 143.537020
88.244946 147.402897
95.243608 150.944501
102.400638 154.154039
109.700293 157.024451
117.126513 159.549422
124.662961 161.723396
132.293058 163.541593
140.000018 165.000012
1.577035 145.000000 160.000000 5.631099
30
0.193634 7.888328
0.774068 15.757654
1.739905 23.589025
3.088818 31.363575
4.817558 39.062579
6.921961 46.667492
9.396958 54.159994
12.236587 61.522039
15.434008 68.735894
18.981521 75.784182
22.870578 82.649925
27.091814 89.316587
31.635060 95.768108
36.489372 101.988948
41.643058 107.964124
47.083704 113.679243
52.798205 119.120537
58.772795 124.274902
64.993084 129.129921
71.444090 133.673899
78.110272 137.895891
84.975574 141.785728
92.023459 145.334041
99.236950 148.532281
106.598673 151.372747
114.090895 153.848594
121.695568 155.953861
129.394375 157.683476
137.168773 159.033272
145.000033 159.999998
1.604619 150.000000 155.000000 1.878368
30
0.203759 7.947188
0.814502 15.873494
1.830622 23.758088
3.249451 31.580252
5.067259 39.319431
7.279270 46.955289
9.879672 54.467761
12.861631 61.837106
16.217312 69.043959
19.937896 76.069382
24.013607 82.894915
28.433735 89.502622
33.186665 95.875140
38.259907 101.995722
43.640131 107.848286
49.313199 113.417454
55.264204 118.688590
61.477506 123.647843
67.936780 128.282182
74.625053 132.579430
81.524749 136.528292
88.617737 140.118395
95.885380 143.340303
103.308580 146.185550
110.867830 148.646659
118.543267 150.717165
126.314722 152.391624
134.161773 153.665639
142.063801 154.535860
150.000040 155.000001
0.992002 -5.000000 300.000000 91.909682
30
-0.005556 10.001850
-0.022224 20.003688
-0.050005 30.005500
-0.088897 40.007276
-0.138901 50.009003
-0.200018 60.010668
-0.272246 70.012259
-0.355586 80.013763
-0.450038 90.015169
-0.555601 100.016464
-0.672276 110.017634
-0.800062 120.018670
-0.938960 130.019557
-1.088968 140.020283
-1.250087 150.020837
-1.422316 160.021205
-1.605656 170.021376
-1.800107 180.021338
-2.005667 190.021076
-2.222337 200.020581
-2.450116 210.019839
-2.689004 220.018837
-2.939001 230.017563
-3.200107 240.016006
-3.472321 250.014153
-3.755642 260.011991
-4.050071 270.009508
-4.355608 280.006691
-4.672251 290.003529
-5.000000 300.000010
0.983472 -10.000000 295.000000 93.882973
30
-0.011115 9.840857
-0.044461 19.681663
-0.100038 29.522369
-0.177845 39.362924
-0.277881 49.203279
-0.400147 59.043382
-0.544642 68.883184
-0.711364 78.722635
-0.900314 88.561683
-1.111489 98.400280
-1.344890 108.238375
-1.600515 118.075918
-1.878362 127.912858
-2.178430 137.749145
-2.500718 147.584729
-2.845224 157.419560
-3.211946 167.253587
-3.600882 177.086762
-4.012031 186.919032
-4.445390 196.750349
-4.900957 206.580661
-5.378730 216.409920
-5.878706 226.238074
-6.400882 236.065073
-6.945257 245.890868
-7.511827 255.715408
-8.100589 265.538643
-8.711541 275.360522
-9.344679 285.180997
-10.000001 295.000016
0.974385 -15.000000 290.000000 95.921872
30
-0.016681 9.683879
-0.066726 19.367644
-0.150132 29.051179
-0.266900 38.734369
-0.417027 48.417099
-0.600513 58.099254
-0.817354 67.780720
-1.067549 77.461382
-1.351094 87.141124
-1.667986 96.819831
-2.018221 106.497390
-2.401795 116.173684
-2.818704 125.848600
-3.268942 135.522021
-3.752505 145.193834
-4.269386 154.863924
-4.819579 164.532176
-5.403078 174.198475
-6.019875 183.862705
-6.669965 193.524754
-7.353338 203.184506
-8.069987 212.841846
-8.819903 222.496659
-9.603077 232.148832
-10.419501 241.798250
-11.269163 251.444797
-12.152055 261.088360
-13.068166 270.728824
-14.017484 280.366074
-14.999999 289.999997
0.964717 -20.000000 285.000000 98.028352
30
-0.022259 9.531125
-0.089034 19.062042
-0.200324 28.592543
-0.356128 38.122421
-0.556440 47.651466
-0.801258 57.179473
-1.090575 66.706232
-1.424386 76.231536
-1.802683 85.755177
-2.225458 95.276947
-2.692701 104.796638
-3.204403 114.314043
-3.760552 123.828955
-4.361136 133.341165
-5.006142 142.850466
-5.695556 152.356651
-6.429363 161.859512
-7.207547 171.358842
-8.030090 180.854434
-8.896976 190.346080
-9.808185 199.833574
-10.763697 209.316709
-11.763491 218.795277
-12.807546 228.269072
-13.895839 237.737887
-15.028346 247.201516
-16.205042 256.659752
-17.425902 266.112389
-18.690898 275.559220
-20.000004 285.000040
0.954445 -25.000000 280.000000 100.204331
30
-0.027851 9.382802
-0.111404 18.765274
-0.250655 28.147085
-0.445600 37.527903
-0.696232 46.907399
-1.002541 56.285242
-1.364518 65.661101
-1.782149 75.034646
-2.255420 84.405546
-2.784314 93.773472
-3.368812 103.138093
-4.008894 112.499078
-4.704537 121.856099
-5.455717 131.208825
-6.262407 140.556927
-7.124579 149.900075
-8.042202 159.237941
-9.015244 168.570194
-10.043671 177.896506
-11.127446 187.216548
-12.266532 196.529992
-13.460888 205.836509
-14.710472 215.135773
-16.015240 224.427454
-17.375145 233.711225
-18.790142 242.986760
-20.260178 252.253731
-21.785203 261.511811
-23.365162 270.760675
-25.000000 279.999997
0.943548 -30.000000 275.000000 102.451658
30
-0.033465 9.239141
-0.133857 18.477797
-0.301172 27.715483
-0.535400 36.951715
-0.836529 46.186007
-1.204544 55.417876
-1.639426 64.646837
-2.141150 73.872405
-2.709691 83.094097
-3.345020 92.311428
-4.047103 101.523916
-4.815902 110.731075
-5.651378 119.932424
-6.553487 129.127479
-7.522182 138.315758
-8.557411 147.496778
-9.659120 156.670058
-10.827252 165.835117
-12.061745 174.991474
-13.362535 184.138648
-14.729553 193.276158
-16.162727 202.403527
-17.661982 211.520273
-19.227240 220.625920
-20.858418 229.719989
-22.555431 238.802004
-24.318190 247.871487
-26.146602 256.927962
-28.040571 265.970954
-29.999998 274.999990
0.932007 -35.000000 270.000000 104.772086
30
-0.039105 9.100374
-0.156416 18.200077
-0.351926 27.298435
-0.625619 36.394777
-0.977475 45.488431
-1.407469 54.578725
-1.915568 63.664989
-2.501736 72.746550
-3.165928 81.822738
-3.908096 90.892883
-4.728185 99.956315
-5.626134 109.012364
-6.601878 118.060362
-7.655343 127.099640
-8.786452 136.129531
-9.995122 145.149369
-11.281264 154.158485
-12.644782 163.156216
-14.085575 172.141897
-15.603538 181.114864
-17.198558 190.074454
-18.870517 199.020007
-20.619292 207.950859
-22.444753 216.866354
-24.346767 225.765831
-26.325192 234.648633
-28.379882 243.514105
-30.510685 252.361592
-32.717445 261.190440
-34.999998 269.999997
0.919805 -40.000000 265.000000 107.167242
30
-0.044778 8.966750
-0.179108 17.932606
-0.402976 26.896672
-0.716360 35.858056
-1.119228 44.815863
-1.611541 53.769200
-2.193250 62.717173
-2.864296 71.658890
-3.624612 80.593460
-4.474123 89.519990
-5.412743 98.437591
-6.440380 107.345372
-7.556931 116.242446
-8.762284 125.127925
-10.056318 134.000923
-11.438906 142.860554
-12.909910 151.705935
-14.469181 160.536184
-16.116565 169.350418
-17.851898 178.147761
-19.675006 186.927333
-21.585708 195.688260
-23.583813 204.429666
-25.669121 213.150681
-27.841425 221.850434
-30.100509 230.528058
-32.446145 239.182686
-34.878101 247.813457
-37.396135 256.419508
-39.999994 264.999982
0.906930 -45.000000 260.000000 109.638602
30
-0.050492 8.838527
-0.201961 17.675901
-0.454387 26.510968
-0.807738 35.342573
-1.261967 44.169566
-1.817015 52.990792
-2.472809 61.805102
-3.229265 70.611344
-4.086282 79.408368
-5.043750 88.195027
-6.101543 96.970173
-7.259524 105.732661
-8.517541 114.481347
-9.875429 123.215089
-11.333012 131.932748
-12.890099 140.633184
-14.546488 149.315263
-16.301961 157.977851
-18.156290 166.619818
-20.109233 175.240034
-22.160535 183.837376
-24.309927 192.410720
-26.557130 200.958948
-28.901850 209.480943
-31.343781 217.975594
-33.882604 226.441791
-36.517988 234.878430
-39.249589 243.284408
-42.077050 251.658629
-45.000002 260.000000
0.893373 -50.000000 255.000000 112.187446
30
-0.056254 8.715975
-0.225008 17.430497
-0.506232 26.142116
-0.899881 34.849378
-1.405888 43.550834
-2.024169 52.245034
-2.754622 60.930528
-3.597124 69.605871
-4.551536 78.269616
-5.617697 86.920320
-6.795432 95.556541
-8.084542 104.176841
-9.484814 112.779784
-10.996014 121.363935
-12.617891 129.927865
-14.350173 138.470146
-16.192573 146.989357
-18.144784 155.484076
-20.206480 163.952889
-22.377318 172.394384
-24.656936 180.807155
-27.044954 189.189801
-29.540975 197.540924
-32.144581 205.859134
-34.855341 214.143044
-37.672802 222.391273
-40.596494 230.602449
-43.625930 238.775202
-46.760607 246.908171
-50.000000 255.000001
0.879130 -55.000000 250.000000 114.814837
30
-0.062074 8.599373
-0.248284 17.196954
-0.558591 25.790951
-0.992930 34.379572
-1.551211 42.961029
-2.233317 51.533532
-3.039106 60.095295
-3.968411 68.644532
-5.021037 77.179464
-6.196765 85.698310
-7.495350 94.199295
-8.916522 102.680648
-10.459984 111.140600
-12.125414 119.577390
-13.912467 127.989257
-15.820768 136.374450
-17.849920 144.731221
-19.999501 153.057827
-22.269063 161.352534
-24.658131 169.613613
-27.166210 177.839342
-29.792775 186.028007
-32.537280 194.177900
-35.399151 202.287324
-38.377794 210.354589
-41.472587 218.378013
-44.682885 226.355924
-48.008019 234.286659
-51.447296 242.168565
-55.000000 249.999999
0.864204 -60.000000 245.000000 117.521569
30
-0.067962 8.489015
-0.271830 16.975854
-0.611553 25.458340
-1.087043 33.934301
-1.698178 42.401561
-2.444802 50.857952
-3.326722 59.301305
-4.343714 67.729455
-5.495517 76.140243
-6.781834 84.531511
-8.202337 92.901108
-9.756660 101.246890
-11.444407 109.566716
-13.265144 117.858454
-15.218403 126.119977
-17.303686 134.349168
-19.520456 142.543918
-21.868146 150.702125
-24.346154 158.821698
-26.953845 166.900556
-29.690549 174.936627
-32.555566 182.927851
-35.548161 190.872181
-38.667566 198.767578
-41.912983 206.612019
-45.283579 214.403494
-48.778490 222.140004
-52.396820 229.819567
-56.137642 237.440213
-59.999996 244.999989
0.848605 -65.000000 240.000000 120.308138
30
-0.073928 8.385204
-0.295690 16.767801
-0.665216 25.145185
-1.182392 33.514752
-1.847057 41.873899
-2.659004 50.220027
-3.617980 58.550541
-4.723688 66.862853
-5.975785 75.154377
-7.373879 83.422535
-8.917538 91.664758
-10.606280 99.878482
-12.439582 108.061154
-14.416872 116.210230
-16.537537 124.323176
-18.800917 132.397470
-21.206308 140.430602
-23.752962 148.420074
-26.440088 156.363403
-29.266851 164.258118
-32.232370 172.101766
-35.335725 179.891907
-38.575951 187.626120
-41.952040 195.302000
-45.462943 202.917161
-49.107567 210.469235
-52.884781 217.955875
-56.793409 225.374752
-60.832237 232.723561
-65.000008 240.000016
0.832349 -70.000000 235.000000 123.174676
30
-0.079985 8.288251
-0.319911 16.573415
-0.719687 24.852405
-1.279166 33.122139
-1.998139 41.379534
-2.876337 49.621517
-3.913435 57.845015
-5.109044 66.046967
-6.462721 74.224318
-7.973961 82.374021
-9.642201 90.493041
-11.466820 98.578353
-13.447138 106.626945
-15.582417 114.635821
-17.871862 122.601996
-20.314620 130.522503
-22.909781 138.394393
-25.656379 146.214732
-28.553391 153.980608
-31.599737 161.689128
-34.794283 169.337421
-38.135838 176.922637
-41.623159 184.441952
-45.254946 191.892565
-49.029846 199.271700
-52.946453 206.576608
-57.003309 213.804570
-61.198902 220.952891
-65.531669 228.018911
-69.999996 234.999996
0.815463 -75.000000 230.000000 126.120943
30
-0.086146 8.198480
-0.344546 16.393341
-0.775085 24.580962
-1.377574 32.757728
-2.151746 40.920029
-3.097260 49.064261
-4.213697 57.186826
-5.500566 65.284138
-6.957298 73.352622
-8.583249 81.388715
-10.377702 89.388867
-12.339864 97.349547
-14.468869 105.267239
-16.763776 113.138446
-19.223572 120.959693
-21.847172 128.727526
-24.633415 136.438515
-27.581073 144.089255
-30.688843 151.676367
-33.955353 159.196501
-37.379160 166.646336
-40.958754 174.022583
-44.692552 181.321983
-48.578907 188.541315
-52.616101 195.677390
-56.802354 202.727056
-61.135814 209.687202
-65.614570 216.554752
-70.236644 223.326675
-74.999993 229.999981
0.797983 -80.000000 225.000000 129.146253
30
-0.092425 8.116225
-0.369652 16.228240
-0.831537 24.331839
-1.477840 32.422818
-2.308228 40.496982
-3.322267 48.550141
-4.519434 56.578120
-5.899106 64.576754
-7.460569 72.541896
-9.203012 80.469414
-11.125532 88.355197
-13.227132 96.195155
-15.506721 103.985220
-17.963117 111.721354
-20.595047 119.399544
-23.401145 127.015807
-26.379956 134.566194
-29.529935 142.046788
-32.849448 149.453710
-36.336774 156.783117
-39.990103 164.031209
-43.807542 171.194227
-47.787109 178.268454
-51.926742 185.250222
-56.224293 192.135911
-60.677532 198.921948
-65.284152 205.604815
-70.041762 212.181045
-74.947894 218.647228
-80.000005 225.000009
0.779955 -85.000000 220.000000 132.249436
30
-0.098838 8.041821
-0.395292 16.078784
-0.889183 24.106033
-1.580212 32.118719
-2.467962 40.112001
-3.551897 48.081050
-4.831362 56.021052
-6.305584 63.927210
-7.973672 71.794747
-9.834619 79.618911
-11.887300 87.394974
-14.130475 95.118239
-16.562790 102.784040
-19.182774 110.387746
-21.988845 117.924763
-24.979307 125.390538
-28.152354 132.780560
-31.506069 140.090365
-35.038426 147.315537
-38.747291 154.451711
-42.630423 161.494576
-46.685476 168.439877
-50.910001 175.283417
-55.301445 182.021064
-59.857155 188.648745
-64.574380 195.162458
-69.450269 201.558267
-74.481876 207.832308
-79.666162 213.980790
-84.999995 220.000000
0.761436 -90.000000 215.000000 135.428824
30
-0.105402 7.975617
-0.421533 15.945663
-0.948173 23.904571
-1.684953 31.846783
-2.631361 39.766751
-3.786733 47.658942
-5.150263 55.517845
-6.721000 63.337970
-8.497845 71.113855
-10.479558 78.840070
-12.664754 86.511216
-15.051908 94.121937
-17.639351 101.666916
-20.425277 109.140883
-23.407740 116.538618
-26.584656 123.854955
-29.953807 131.084781
-33.512838 138.223049
-37.259266 145.264771
-41.190471 152.205030
-45.303710 159.038977
-49.596108 165.761841
-54.064667 172.368924
-58.706268 178.855611
-63.517667 185.217373
-68.495503 191.449765
-73.636301 197.548435
-78.936469 203.509123
-84.392305 209.327665
-89.999998 214.999996
0.742494 -95.000000 210.000000 138.682180
30
-0.112134 7.917962
-0.448447 15.829573
-1.008669 23.728487
-1.792351 31.608369
-2.798864 39.462898
-4.027400 47.285774
-5.476975 55.070723
-7.146425 62.811500
-9.034412 70.501896
-11.139421 78.135744
-13.459764 85.706919
-15.993579 93.209350
-18.738835 100.637019
-21.693330 107.983968
-24.854693 115.244304
-28.220389 122.412204
-31.787718 129.481917
-35.553819 136.447776
-39.515672 143.304190
-43.670098 150.045661
-48.013765 156.666783
-52.543190 163.162243
-57.254738 169.526833
-62.144633 175.755447
-67.208950 181.843089
-72.443628 187.784876
-77.844469 193.576043
-83.407139 199.211945
-89.127179 204.688061
-95.000000 209.999998
0.723210 -100.000000 205.000000 142.006693
30
-0.119056 7.869211
-0.476113 15.731218
-1.070846 23.578825
-1.902710 31.404850
-2.970943 39.202127
-4.274568 46.963519
-5.812391 54.681923
-7.583005 62.350272
-9.584789 69.961547
-11.815910 77.508782
-14.274326 84.985067
-16.957787 92.383559
-19.863836 99.697486
-22.989814 106.920152
-26.332858 114.044947
-29.889910 121.065348
-33.657712 127.974930
-37.632816 134.767367
-41.811583 141.436441
-46.190188 147.976049
-50.764623 154.380203
-55.530701 160.643043
-60.484058 166.758833
-65.620161 172.721978
-70.934308 178.527018
-76.421635 184.168639
-82.077119 189.641678
-87.895583 194.941124
-93.871700 200.062126
-100.000002 204.999997
0.703675 -105.000000 200.000000 145.398944
30
-0.126186 7.829719
-0.504613 15.651305
-1.134888 23.456635
-2.016357 31.237601
-3.148103 38.986122
-4.528951 46.694148
-6.157468 54.353676
-8.031961 61.956747
-10.150483 69.495466
-12.510835 76.962002
-15.110564 84.348600
-17.946971 91.647587
-21.017108 98.851383
-24.317788 105.952505
-27.845581 112.943577
-31.596825 119.817338
-35.567622 126.566648
-39.753848 133.184497
-44.151155 139.664012
-48.754975 145.998462
-53.560527 152.181267
-58.562820 158.206007
-63.756657 164.066422
-69.136645 169.756427
-74.697194 175.270111
-80.432529 180.601747
-86.336694 185.745797
-92.403555 190.696918
-98.626813 195.449969
-105.000001 200.000012
0.683990 -110.000000 195.000000 148.854914
30
-0.133548 7.799840
-0.534035 15.590536
-1.200992 23.362956
-2.133636 31.107987
-3.330875 38.816551
-4.791306 46.479611
-6.513215 54.088183
-8.494584 61.633348
-10.733091 69.106261
-13.226111 76.498161
-15.970723 83.800383
-18.963708 91.004367
-22.201557 98.101667
-25.680476 105.083964
-29.396385 111.943072
-33.344929 118.670950
-37.521479 125.259711
-41.921139 131.701631
-46.538750 137.989159
-51.368900 144.114923
-56.405927 150.071743
-61.643926 155.852635
-67.076755 161.450822
-72.698047 166.859742
-78.501211 172.073054
-84.479445 177.084647
-90.625740 181.888644
-96.932891 186.479416
-103.393505 190.851580
-110.000007 195.000010
0.664268 -115.000000 190.000000 152.369948
30
-0.141164 7.779926
-0.564471 15.549609
-1.269363 23.298822
-2.254912 31.017362
-3.519822 38.695068
-5.062426 46.321833
-6.880693 53.887616
-8.972231 61.382457
-11.334286 68.796489
-13.963747 76.119951
-16.857154 83.343203
-20.010697 90.456735
-23.420225 97.451182
-27.081248 104.317336
-30.988948 111.046159
-35.138181 117.628790
-39.523483 124.056565
-44.139081 130.321022
-48.978899 136.413914
-54.036566 142.327219
-59.305423 148.053152
-64.778534 153.584176
-70.448693 158.913009
-76.308436 164.032636
-82.350049 168.936317
-88.565578 173.617595
-94.946840 178.070310
-101.485435 182.288597
-108.172754 186.266905
-114.999994 189.999995
0.644627 -120.000000 185.000000 155.938810
30
-0.149059 7.770324
-0.596019 15.529214
-1.340220 23.265253
-2.380567 30.967060
-3.715532 38.623300
-5.343147 46.222709
-7.261020 53.754104
-9.466328 61.206403
-11.955825 68.568642
-14.725849 75.829985
-17.772324 82.979750
-21.090767 90.007415
-24.676295 96.902641
-28.523633 103.655280
-32.627119 110.255397
-36.980716 116.693281
-41.578016 122.959458
-46.412256 129.044708
-51.476323 134.940077
-56.762764 140.636891
-62.263802 146.126766
-67.971341 151.401626
-73.876984 156.453707
-79.972040 161.275577
-86.247542 165.860141
-92.694255 170.200652
-99.302693 174.290725
-106.063133 178.124339
-112.965627 181.695855
-120.000018 185.000017
0.625195 -125.000000 180.000000 159.555662
30
-0.157259 7.771367
-0.628778 15.530011
-1.413786 23.263227
-2.510997 30.958356
-3.918614 38.602798
-5.634334 46.184037
-7.655346 53.689660
-9.978343 61.107380
-12.599520 68.425052
-15.514586 75.630692
-18.718769 82.712507
-22.206822 89.658899
-25.973035 96.458495
-30.011241 103.100165
-34.314829 109.573032
-38.876752 115.866500
-43.689542 121.970264
-48.745318 127.874331
-54.035803 133.569034
-59.552335 139.045050
-65.285883 144.293413
-71.227058 149.305530
-77.366134 154.073195
-83.693059 158.588601
-90.197474 162.844357
-96.868731 166.833494
-103.695906 170.549480
-110.667822 173.986233
-117.773063 177.138125
-124.999997 179.999996
0.606102 -130.000000 175.000000 163.214150
30
-0.165789 7.783386
-0.662855 15.552653
-1.490296 23.293708
-2.646612 30.992509
-4.129704 38.635088
-5.936883 46.207584
-8.064870 53.696260
-10.509805 61.087530
-13.267254 68.367988
-16.332213 75.524427
-19.699123 82.543865
-23.361878 89.413568
-27.313831 96.121075
-31.547815 102.654219
-36.056149 109.001148
-40.830655 115.150349
-45.862672 121.090668
-51.143072 126.811329
-56.662277 132.301955
-62.410274 137.552585
-68.376637 142.553695
-74.550542 147.296214
-80.920791 151.771537
-87.475827 155.971548
-94.203761 159.888626
-101.092387 163.515667
-108.129209 166.846091
-115.301463 169.873856
-122.596138 172.593471
-130.000002 175.000002
0.587480 -135.000000 170.000000 166.907411
30
-0.174676 7.806691
-0.698355 15.597756
-1.569989 23.357602
-2.787832 31.070694
-4.349448 38.721596
-6.251711 46.294992
-8.490812 53.775725
-11.062271 61.148820
-13.960940 68.399521
-17.181017 75.513313
-20.716057 82.475958
-24.558985 89.273520
-28.702108 95.892392
-33.137133 102.319327
-37.855183 108.541460
-42.846816 114.546337
-48.102038 120.321938
-53.610333 125.856704
-59.360674 131.139555
-65.341551 136.159919
-71.540993 140.907745
-77.946592 145.373532
-84.545525 149.548339
-91.324585 153.423811
-98.270203 156.992190
-105.368476 160.246336
-112.605196 163.179733
-119.965879 165.786510
-127.435791 168.061449
-134.999981 169.999998
0.569461 -140.000000 165.000000 170.628204
30
-0.183949 7.841581
-0.735390 15.665910
-1.653110 23.455776
-2.935090 31.194041
-4.578511 38.863682
-6.579757 46.447826
-8.934424 53.929788
-11.637334 61.293109
-14.682540 68.521591
-18.063342 75.599330
-21.772303 82.510758
-25.801264 89.240668
-30.141362 95.774256
-34.783048 102.097149
-39.716112 108.195436
-44.929700 114.055702
-50.412344 119.665055
-56.151982 125.011154
-62.135987 130.082239
-68.351195 134.867154
-74.783933 139.355372
-81.420050 143.537020
-88.244946 147.402897
-95.243608 150.944501
-102.400638 154.154039
-109.700293 157.024451
-117.126513 159.549422
-124.662961 161.723396
-132.293058 163.541593
-140.000018 165.000012
0.552172 -145.000000 160.000000 174.368901
30
-0.193634 7.888328
-0.774068 15.757654
-1.739905 23.589025
-3.088818 31.363575
-4.817558 39.062579
-6.921961 46.667492
-9.396958 54.159994
-12.236587 61.522039
-15.434008 68.735894
-18.981521 75.784182
-22.870578 82.649925
-27.091814 89.316587
-31.635060 95.768108
-36.489372 101.988948
-41.643058 107.964124
-47.083704 113.679243
-52.798205 119.120537
-58.772795 124.274902
-64.993084 129.129921
-71.444090 133.673899
-78.110272 137.895891
-84.975574 141.785728
-92.023459 145.334041
-99.236950 148.532281
-106.598673 151.372747
-114.090895 153.848594
-121.695568 155.953861
-129.394375 157.683476
-137.168773 159.033272
-145.000033 159.999998
0.535733 -150.000000 155.000000 178.121632
30
-0.203759 7.947188
-0.814502 15.873494
-1.830622 23.758088
-3.249451 31.580252
-5.067259 39.319431
-7.279270 46.955289
-9.879672 54.467761
-12.861631 61.837106
-16.217312 69.043959
-19.937896 76.069382
-24.013607 82.894915
-28.433735 89.502622
-33.186665 95.875140
-38.259907 101.995722
-43.640131 107.848286
-49.313199 113.417454
-55.264204 118.688590
-61.477506 123.647843
-67.936780 128.282182
-74.625053 132.579430
-81.524749 136.528292
-88.617737 140.118395
-95.885380 143.340303
-103.308580 146.185550
-110.867830 148.646659
-118.543267 150.717165
-126.314722 152.391624
-134.161773 153.665639
-142.063801 154.535860
-150.000040 155.000001
1.000000 0.000000 300.000000 90.000000
30
0.000000 10.000000
0.000000 20.000000
0.000000 30.000000
0.000000 40.000000
0.000000 50.000000
0.000000 60.000000
0.000000 70.000000
0.000000 80.000000
0.000000 90.000000
0.000000 100.000000
0.000000 110.000000
0.000000 120.000000
0.000000 130.000000
0.000000 140.000000
0.000000 150.000000
0.000000 160.000000
0.000000 170.000000
0.000000 180.000000
0.000000 190.000000
0.000000 200.000000
0.000000 210.000000
0.000000 220.000000
0.000000 230.000000
0.000000 240.000000
0.000000 250.000000
0.000000 260.000000
0.000000 270.000000
0.000000 280.000000
0.000000 290.000000
0.000000 300.000000
