5
1.000000 0.000000 75.000000 90.000000 75.000000
7
0.000000 10.000000
0.000000 20.000000
0.000000 30.000000
0.000000 40.000000
0.000000 50.000000
0.000000 60.000000
0.000000 70.000000
1.258574 9.540450 49.081359 68.000000 50.308482
5
0.381433 9.990294
1.523510 19.922420
3.419583 29.738548
6.058610 39.381525
9.425227 48.795204
0.794550 -9.540450 49.081359 112.000000 50.308482
5
-0.381433 9.990294
-1.523510 19.922420
-3.419583 29.738548
-6.058610 39.381525
-9.425227 48.795204
1.352941 50.000000 86.602540 30.000000 104.719755
10
0.499583 9.983342
1.993342 19.866933
4.466351 29.552021
7.893901 38.941834
12.241744 47.942554
17.466439 56.464247
23.515781 64.421769
30.329329 71.735609
37.839003 78.332691
45.969769 84.147098
0.739130 -50.000000 86.602540 150.000000 104.719755
10
-0.499583 9.983342
-1.993342 19.866933
-4.466351 29.552021
-7.893901 38.941834
-12.241744 47.942554
-17.466439 56.464247
-23.515781 64.421769
-30.329329 71.735609
-37.839003 78.332691
-45.969769 84.147098
