36
1.702000 86.602540 50.000000 -30.000000 120.919958
12
0.863863 9.950075
3.429599 19.602393
7.620429 28.668108
13.310943 36.875928
20.330850 43.980233
28.470081 49.768426
37.485067 54.067295
47.106034 56.748197
57.045075 57.730904
67.004763 56.986010
76.687053 54.535805
85.802203 50.453612
1.352941 50.000000 86.602540 30.000000 104.719755
10
0.499583 9.983342
1.993342 19.866933
4.466351 29.552021
7.893901 38.941834
12.241744 47.942554
17.466439 56.464247
23.515781 64.421769
30.329329 71.735609
37.839003 78.332691
45.969769 84.147098
1.168364 25.881905 96.592583 60.000000 101.151516
10
0.258761 9.995535
1.034352 19.964293
2.324694 29.879568
4.126331 39.714800
6.434437 49.443639
9.242828 59.040025
12.543981 68.478248
16.329052 77.733026
20.587902 86.779565
25.309122 95.593630
1.053697 8.715574 99.619470 80.000000 100.127037
10
0.087154 9.999494
0.348588 19.995949
0.784223 29.986329
1.393927 39.967598
2.177515 49.936723
3.134748 59.890676
4.265335 69.826431
5.568934 79.740971
7.045148 89.631282
8.693528 99.494361
1.000000 0.000000 100.000000 90.000000 100.000000
10
0.000000 10.000000
0.000000 20.000000
0.000000 30.000000
0.000000 40.000000
0.000000 50.000000
0.000000 60.000000
0.000000 70.000000
0.000000 80.000000
0.000000 90.000000
0.000000 100.000000
0.949039 -8.715574 99.619470 100.000000 100.127037
10
-0.087154 9.999494
-0.348588 19.995949
-0.784223 29.986329
-1.393927 39.967598
-2.177515 49.936723
-3.134748 59.890676
-4.265335 69.826431
-5.568934 79.740971
-7.045148 89.631282
-8.693528 99.494361
0.855898 -25.881905 96.592583 120.000000 101.151516
10
-0.258761 9.995535
-1.034352 19.964293
-2.324694 29.879568
-4.126331 39.714800
-6.434437 49.443639
-9.242828 59.040025
-12.543981 68.478248
-16.329052 77.733026
-20.587902 86.779565
-25.309122 95.593630
0.739130 -50.000000 86.602540 150.000000 104.719755
10
-0.499583 9.983342
-1.993342 19.866933
-4.466351 29.552021
-7.893901 38.941834
-12.241744 47.942554
-17.466439 56.464247
-23.515781 64.421769
-30.329329 71.735609
-37.839003 78.332691
-45.969769 84.147098
0.587544 -86.602540 50.000000 210.000000 120.919958
12
-0.863863 9.950075
-3.429599 19.602393
-7.620429 28.668108
-13.310943 36.875928
-20.330850 43.980233
-28.470081 49.768426
-37.485067 54.067295
-47.106034 56.748197
-57.045075 57.730904
-67.004763 56.986010
-76.687053 54.535805
-85.802203 50.453612
1.956860 60.676275 44.083894 -18.000000 87.372497
8
1.074512 9.922609
4.248231 19.385180
9.374015 27.949004
16.214220 35.217040
24.451715 40.852323
33.704590 44.593586
43.543857 46.267376
53.513342 45.796090
1.443781 34.049287 66.825489 36.000000 77.849465
7
0.604582 9.975590
2.409477 19.805152
5.388263 29.344793
9.497337 38.454866
14.676546 47.002013
20.850073 54.861115
27.927548 61.917124
1.197755 16.871329 73.077755 64.000000 75.647390
7
0.299845 9.994004
1.198301 19.952055
2.692135 29.838332
4.775975 39.617270
7.442323 49.253691
10.681589 58.712929
14.482118 67.960955
1.057407 5.231736 74.817304 82.000000 75.060958
7
0.093006 9.999423
0.371992 19.995387
0.836860 29.984431
1.487452 39.963101
2.323540 49.927943
3.344836 59.875509
4.550987 69.802357
1.000000 0.000000 75.000000 90.000000 75.000000
7
0.000000 10.000000
0.000000 20.000000
0.000000 30.000000
0.000000 40.000000
0.000000 50.000000
0.000000 60.000000
0.000000 70.000000
0.945710 -5.231736 74.817304 98.000000 75.060958
7
-0.093006 9.999423
-0.371992 19.995387
-0.836860 29.984431
-1.487452 39.963101
-2.323540 49.927943
-3.344836 59.875509
-4.550987 69.802357
0.834895 -16.871329 73.077755 116.000000 75.647390
7
-0.299845 9.994004
-1.198301 19.952055
-2.692135 29.838332
-4.775975 39.617270
-7.442323 49.253691
-10.681589 58.712929
-14.482118 67.960955
0.692626 -34.049287 66.825489 144.000000 77.849465
7
-0.604582 9.975590
-2.409477 19.805152
-5.388263 29.344793
-9.497337 38.454866
-14.676546 47.002013
-20.850073 54.861115
-27.927548 61.917124
0.511023 -60.676275 44.083894 198.000000 87.372497
8
-1.074512 9.922609
-4.248231 19.385180
-9.374015 27.949004
-16.214220 35.217040
-24.451715 40.852323
-33.704590 44.593586
-43.543857 46.267376
-53.513342 45.796090
2.609371 37.157241 33.456530 -6.000000 56.365732
5
1.475378 9.853379
5.772099 18.842483
12.513285 26.178846
21.107641 31.218971
30.801327 33.520769
1.645650 20.336832 45.677273 42.000000 51.492658
5
0.811681 9.955942
3.225285 19.648936
7.177066 28.822978
12.562653 37.235770
19.239807 44.665119
1.258574 9.540450 49.081359 68.000000 50.308482
5
0.381433 9.990294
1.523510 19.922420
3.419583 29.738548
6.058610 39.381525
9.425227 48.795204
1.064839 2.616798 49.931477 84.000000 50.022854
5
0.104668 9.999270
0.418626 19.994157
0.941738 29.980283
1.673772 39.953270
2.614410 49.908748
1.000000 0.000000 50.000000 90.000000 50.000000
5
0.000000 10.000000
0.000000 20.000000
0.000000 30.000000
0.000000 40.000000
0.000000 50.000000
0.939109 -2.616798 49.931477 96.000000 50.022854
5
-0.104668 9.999270
-0.418626 19.994157
-0.941738 29.980283
-1.673772 39.953270
-2.614410 49.908748
0.794550 -9.540450 49.081359 112.000000 50.308482
5
-0.381433 9.990294
-1.523510 19.922420
-3.419583 29.738548
-6.058610 39.381525
-9.425227 48.795204
0.607663 -20.336832 45.677273 138.000000 51.492658
5
-0.811681 9.955942
-3.225285 19.648936
-7.177066 28.822978
-12.562653 37.235770
-19.239807 44.665119
0.383234 -37.157241 33.456530 186.000000 56.365732
5
-1.475378 9.853379
-5.772099 18.842483
-12.513285 26.178846
-21.107641 31.218971
-30.801327 33.520769
9.150055 16.728265 18.578621 6.000000 27.387713
2
2.613216 9.529211
9.721758 16.392404
2.509028 8.959199 23.339511 48.000000 25.568633
2
1.423680 9.863572
5.578502 18.921960
1.462209 3.910862 24.692209 72.000000 25.103105
2
0.624922 9.973917
2.489912 19.791828
1.087420 0.872487 24.984771 86.000000 25.005078
2
0.139589 9.998701
0.558247 19.989608
1.000000 0.000000 25.000000 90.000000 30.000000
3
0.000000 10.000000
0.000000 20.000000
0.000000 30.000000
0.919608 -0.872487 24.984771 94.000000 25.005078
2
-0.139589 9.998701
-0.558247 19.989608
0.683897 -3.910862 24.692209 108.000000 25.103105
2
-0.624922 9.973917
-2.489912 19.791828
0.398561 -8.959199 23.339511 132.000000 25.568633
2
-1.423680 9.863572
-5.578502 18.921960
0.109289 -16.728265 18.578621 174.000000 27.387713
2
-2.613216 9.529211
-9.721758 16.392404
