5
1.443781 34.049287 66.825489 36.000000 77.849465
7
0.604582 9.975590
2.409477 19.805152
5.388263 29.344793
9.497337 38.454866
14.676546 47.002013
20.850073 54.861115
27.927548 61.917124
1.197755 16.871329 73.077755 64.000000 75.647390
7
0.299845 9.994004
1.198301 19.952055
2.692135 29.838332
4.775975 39.617270
7.442323 49.253691
10.681589 58.712929
14.482118 67.960955
1.000000 0.000000 75.000000 90.000000 75.000000
7
0.000000 10.000000
0.000000 20.000000
0.000000 30.000000
0.000000 40.000000
0.000000 50.000000
0.000000 60.000000
0.000000 70.000000
0.834895 -16.871329 73.077755 116.000000 75.647390
7
-0.299845 9.994004
-1.198301 19.952055
-2.692135 29.838332
-4.775975 39.617270
-7.442323 49.253691
-10.681589 58.712929
-14.482118 67.960955
0.692626 -34.049287 66.825489 144.000000 77.849465
7
-0.604582 9.975590
-2.409477 19.805152
-5.388263 29.344793
-9.497337 38.454866
-14.676546 47.002013
-20.850073 54.861115
-27.927548 61.917124
