5
1.000000 0.000000 25.000000 90.000000 25.000000
3
0.000000 10.000000
0.000000 20.000000
0.000000 30.000000
1.197755 16.871329 73.077755 64.000000 75.647390
7
0.299845 9.994004
1.198301 19.952055
2.692135 29.838332
4.775975 39.617270
7.442323 49.253691
10.681589 58.712929
14.482118 67.960955
0.834895 -16.871329 73.077755 116.000000 75.647390
7
-0.299845 9.994004
-1.198301 19.952055
-2.692135 29.838332
-4.775975 39.617270
-7.442323 49.253691
-10.681589 58.712929
-14.482118 67.960955
1.352941 50.000000 86.602540 30.000000 104.719755
10
0.499583 9.983342
1.993342 19.866933
4.466351 29.552021
7.893901 38.941834
12.241744 47.942554
17.466439 56.464247
23.515781 64.421769
30.329329 71.735609
37.839003 78.332691
45.969769 84.147098
0.739130 -50.000000 86.602540 150.000000 104.719755
10
-0.499583 9.983342
-1.993342 19.866933
-4.466351 29.552021
-7.893901 38.941834
-12.241744 47.942554
-17.466439 56.464247
-23.515781 64.421769
-30.329329 71.735609
-37.839003 78.332691
-45.969769 84.147098
